47.1973
1 249.486 150.254 61.6611 73.497 1.01617
1 32.721 121.322 50.5068 66.5273 36.1673
1 221.363 31.292 36.5431 76.2938 -42.9651
1 176.549 33.3662 38.2896 78.5471 6.97363
1 259.4 223.181 33.9672 45.3264 83.1924
1 194.476 88.989 43.6488 73.8167 73.5033
1 151.59 198.261 51.5381 51.9106 -4.50475
1 68.4727 172.312 40.4918 52.2877 -22.0837
1 76.4865 64.1033 43.7722 67.0892 64.318
1 237.333 91.432 54.7927 69.1599 27.0863
1 219.514 209.041 33.5131 43.3076 55.6947
1 123.03 78.4904 59.5385 70.7863 -48.1998
1 95.6512 258.308 40.3895 51.8461 28.0762
1 179.18 178.47 39.6902 54.3632 -16.6546
1 238.545 275.243 40.2842 42.3271 54.2804
1 111.515 42.1972 36.1151 56.563 75.6672
1 124.392 136.674 35.5226 47.4953 63.6021
1 104.795 176.267 41.057 45.7596 -70.2615
1 71.7684 269.095 33.9277 45.8314 57.1769
1 227.454 254.238 41.9992 58.93 21.8061
1 30.7314 240.777 36.9923 48.5664 0.579834
1 44.0126 239.423 33.5405 49.418 -31.6553
1 84.0632 116.302 48.7374 50.3431 69.923
