45.3626
1 237.057 144.114 73.4536 75.7762 -59.279
1 38.5315 60.225 52.3368 82.3792 52.7933
1 173.414 130.208 44.3011 64.3987 -49.9479
1 200.537 189.117 37.9448 68.9857 86.3482
1 252.518 74.2086 41.491 71.927 -32.1619
1 67.4958 36.2208 56.3505 62.1124 7.90317
1 150.395 267.227 38.3726 68.4328 -28.0026
1 39.4271 151.532 50.4437 66.1318 -73.7548
1 86.4806 124.069 36.4692 73.7647 51.3905
1 133.504 43.2895 40.5078 42.3537 51.1045
1 134.48 81.0716 33.64 39.8498 -78.0263
1 220.617 42.3563 40.1504 64.625 10.8533
1 106.596 262.184 31.5835 81.7657 40.6874
1 139.443 169.334 54.3239 56.1159 18.2104
1 108.342 125.871 41.6771 44.5224 -28.8884
1 113.533 72.3395 42.0177 48.3363 24.2276
1 245.966 183.36 43.0703 81.1583 27.6095
1 40.6754 182.257 31.567 71.2357 51.0011
1 237.159 169.516 20.9692 43.4962 2.38787
1 91.5235 167.752 39.5685 63.8937 -13.7182
