# center_row center_col major_diameter minor_diameter angle_deg score
144.144 249.05 75.6923 63.1871 3.16133 0.845328
116.029 116.987 70.8061 48.7628 -42.9527 0.893537
195.406 251.207 63.2879 41.4771 -52.5504 0.860463
146.118 165.859 52.6806 49.3583 75.8269 0.826759
246.97 76.0294 68.7818 68.5649 79.9717 0.828566
49.0623 37.1907 100.3 60.9098 17.5108 0.895607
146.302 52.0039 59.5056 40.0107 77.0532 0.786755
260.986 196.934 37.4605 33.2557 -89.6876 0.817821
47.0083 269.076 46.4008 36.7151 30.292 0.782211
