35.9175
1 80.6097 255.243 59.6696 89.2725 51.5081
1 263.958 266.98 39.5579 65.1291 -42.9056
1 57.8866 33.0747 44.8665 48.7502 8.66168
1 245.129 141.168 47.3816 54.6227 -40.1985
1 134.038 43.0704 58.8028 72.9599 -29.2358
1 255.977 61.985 38.6738 56.6241 -23.8361
1 122.895 132.923 39.0378 46.6672 -17.9015
1 62.4608 141.847 54.971 67.9701 16.5232
1 237.029 235.952 30.7635 72.5007 -73.9312
1 147.005 174.037 47.3567 49.1645 -51.8684
1 159.106 82.6831 35.0234 67.3492 -49.2799
1 86.0745 78.9461 42.6503 48.7364 -11.401
1 26.0024 57.6797 37.2556 40.3624 9.05008
