40.3803
1 227.005 240.972 30.7108 60.6634 22.2173
1 31.0798 104.936 36.6322 44.7506 0.699216
1 124.064 196.679 57.1892 66.9779 -30.5388
1 150.351 256.92 51.8523 56.0843 36.2012
1 145.991 161.096 50.9071 52.8581 -22.8217
1 137.105 105.72 34.7867 55.4909 -62.9338
1 76.0219 156.078 58.7674 66.952 -5.44669
1 270.697 196.296 28.0308 46.2326 12.4091
1 39.9809 174.039 45.3762 46.9853 87.403
1 188.531 268.87 31.2679 33.3189 -18.1044
1 65.2579 222.576 41.7986 50.5039 52.7975
1 76.9399 89.7754 52.8718 82.2434 44.7037
1 179.1 222.972 40.3706 41.0012 18.7348
