48.4315
1 61.5081 227.224 52.653 72.0106 54.0502
1 187.102 40.1431 41.2822 65.0543 80.8717
1 255.195 189.927 71.7128 85.1745 -58.3737
1 38.9412 67.1205 36.9729 40.9285 -35.4613
1 142.931 182.104 39.0021 44.7622 47.9404
1 266.915 118.925 32.6986 36.7686 41.2075
1 66.2073 155.29 34.6432 73.3335 -7.77529
1 38.7726 104.631 37.7816 43.2077 72.3577
1 168.853 133.002 30.9295 42.678 29.4562
1 124.886 257.204 36.7507 46.092 -63.3671
1 223.047 167.05 32.9056 40.6338 -42.4291
1 116.041 207.7 57.1181 60.3889 -47.7393
