34.9279
1 82.3633 36.0277 63.4146 90.4713 -8.77391
1 170.899 86.012 64.8058 80.9316 -8.97863
1 251.079 175.073 54.5171 54.8902 41.7767
1 131.028 108.91 32.9699 74.0632 85.3635
1 192.086 177.019 37.2619 49.4521 -37.2605
1 272.052 61.1154 45.2981 63.2524 -77.1811
1 167.029 266.01 52.6643 56.6636 53.0743
1 230.859 227.918 36.6679 68.314 10.1933
1 113.966 244.629 50.1061 69.3801 54.4439
1 71.0088 178.987 30.7995 52.5077 57.2196
1 166.562 147.835 37.5474 57.1596 -64.3964
1 98.3334 170.844 37.4144 84.6173 -22.3725
