34.4578
1 248.569 106.269 49.8812 67.5245 78.5815
1 119.945 78.8635 51.9008 82.8405 29.4888
1 145.299 68.3593 59.0386 82.1133 44.6632
1 240.802 127 59.7324 76.7959 -64.1061
1 160.039 140.529 73.5783 75.8119 0.77976
1 71.514 133.959 31.7138 49.9151 -66.5131
1 117.567 238.292 29.5657 33.5969 -10.4759
1 40.3023 260.304 38.4507 65.7632 -40.6351
1 181.865 217.374 37.6381 84.3651 26.7929
1 202.209 43.313 42.2396 53.4212 60.0809
1 79.3671 218.33 35.8508 39.7126 40.3846
1 237.556 237.219 47.5897 53.6328 -46.5677
1 40.9437 227.13 50.5319 65.3879 -3.28076
1 72.7126 104.205 33.1406 50.756 53.0511
1 263.061 206.445 36.4279 45.248 -33.9178
1 139.442 168.237 42.221 72.2041 -63.16
1 154.587 246.227 32.6031 43.3754 -27.033
1 179.087 252.559 33.8423 51.3155 71.9207
1 211.547 30.8786 38.224 41.2547 -61.098
