# center_row center_col major_diameter minor_diameter angle_deg score
41.0555 163.948 50.912 48.7392 -47.3911 0.931479
153.982 269.974 56.8932 46.8183 15.6571 0.865012
237.921 36.1094 56.647 36.9792 -82.043 0.826487
105.016 182.932 50.6642 44.668 -85.1761 0.820255
161.1 190.869 60.4708 56.6538 -11.7194 0.846609
242.009 182.65 53.4021 39.0109 -59.4567 0.780809
238.034 86.0729 35.0157 33.2733 14.0426 0.795384
168.495 82.2435 68.7116 33.6891 33.4331 0.794061
223.134 145.946 57.41 47.0817 -42.4449 0.780865
