48.9232
1 122.457 114.331 50.2877 68.3106 -11.3283
1 206.403 258.307 68.521 72.2342 -66.7196
1 209.085 167.472 37.938 50.3384 -62.7516
1 181.217 185.681 51.6711 71.996 -51.8997
1 30.4929 110.278 52.1549 60.3529 24.9082
1 84.4949 232.128 51.672 63.9507 -57.9448
1 152.626 51.3387 60.2998 64.0897 64.8354
1 24.5221 256.017 37.5386 45.9838 -88.0901
1 268.58 120.231 42.4652 66.2436 31.1863
1 92.447 33.128 38.0832 66.9344 11.5881
1 160.03 271.501 36.3092 55.3387 -10.8067
1 224.488 25.1032 34.1821 43.9777 27.4561
1 38.0368 211.521 58.2511 65.8262 24.7367
1 113.195 184.401 46.3966 59.1655 -24.8072
1 81.5066 49.3123 29.8207 49.2639 5.2967
1 262.5 82.2294 29.4729 47.7954 19.9871
1 219.52 58.2722 35.8534 51.4392 -27.0013
1 85.3634 98.0259 35.3263 44.4888 -61.061
1 156.613 25.5463 32.5367 46.2464 14.4804
1 231.601 96.4067 35.8262 59.5476 -16.747
1 57.4448 130.023 32.3263 51.959 -3.78596
1 89.6877 155.616 32.7813 34.2348 57.7844
1 178.521 237.044 33.9583 35.4317 -22.503
1 67.4343 171.774 34.2536 52.7482 57.7079
