35.1951
1 243.998 212.983 72.8606 76.6466 -75.8162
1 141.855 153.057 51.6211 83.5193 -58.3671
1 184.978 207.028 38.8775 50.7163 72.4296
1 271.952 103.935 38.7961 42.8892 62.5699
1 47.0456 238.986 37.333 63.5867 -10.1848
1 248.363 56.9767 62.7375 71.4359 -33.8388
1 156.008 258.979 34.7065 54.7784 49.1809
1 216.096 155.016 57.4605 59.4183 44.2832
1 203.965 80.4867 37.9542 40.4501 26.935
1 66.9699 35.9196 32.6866 42.4885 67.3302
1 138.906 89.1188 29.0279 39.0223 -70.7247
1 126.095 262.896 38.8272 41.1438 -37.086
1 81.9485 78.9479 41.1094 44.6837 -67.8963
1 56.7071 126.085 29.5852 66.773 64.829
