52.082
1 202.215 233.78 354.958 376.706 -19.3896
1 193.226 92.8803 26.5747 28.2814 -89.7488
1 151.922 349.403 25.7968 28.4946 84.8753
1 266.436 125.821 25.0956 27.4461 76.3832
1 259.439 184.501 24.7791 26.2395 -65.9101
1 312.817 285.645 22.6213 25.8819 89.7973
1 93.809 146.591 18.9545 25.9547 86.3325
1 159.747 147.893 22.7221 24.7252 -67.44
1 285.677 273.772 22.6584 23.6625 -82.4857
1 91.8611 269.583 21.2932 23.6428 89.3384
1 127.887 108.052 20.5288 22.7531 -84.6811
1 212.478 135.82 27.0413 28.4896 -69.6322
1 308.512 188.831 23.3306 26.9865 75.9201
1 60.2034 316.578 18.8542 21.3509 85.0225
1 276.987 322.12 21.5802 22.7721 89.9319
1 306.226 223.147 37.424 53.8131 1.21015
