45.5926
1 263.931 192.522 37.461 54.9589 71.4136
1 53.5562 46.0949 45.4271 64.2345 -63.4589
1 106.595 150.317 49.8499 76.4819 -76.034
1 219.685 230.347 40.2797 56.0343 28.6685
1 96.6263 29.3463 36.2294 58.3441 11.3858
1 177.56 37.2859 37.7914 39.7286 -30.4594
1 172.382 162.234 36.522 66.3439 -42.6977
1 108.511 242.326 31.5692 43.5422 1.80735
1 168.936 260.54 47.6648 52.513 30.1258
1 251.736 54.4637 33.7774 58.7463 12.2447
1 37.5607 231.327 34.3113 54.5847 -79.2635
1 30.9941 275.537 36.4594 57.1925 -23.5848
1 199.49 95.0793 36.6014 72.6416 -55.6305
1 205.861 178.081 55.4382 64.3015 -60.7775
1 273.564 254.901 29.4846 68.8964 76.2176
1 68.7764 105.335 55.4598 74.474 16.5247
1 65.708 164.599 50.0222 63.8959 37.7077
1 75.4978 205.904 37.8 44.4688 -25.3072
1 179.503 209.309 38.0794 54.3129 -0.93817
1 88.6558 71.3338 38.3783 68.3569 33.762
1 57.6276 261.218 35.1396 56.6422 13.8899
1 229.541 102.19 59.541 63.6408 -45.4798
1 151.771 251.824 35.8822 41.9055 -18.7001
