61.0802
1 124.125 244.558 72.2 89.2779 -26.8602
1 243.454 109.193 63.2643 63.5746 -30.4338
1 183.47 91.1681 45.5194 59.3845 87.9213
1 150.461 192.248 64.1671 68.2036 5.97142
1 220.485 142.295 52.475 92.3638 -31.5426
1 106.571 106.249 45.5827 89.8298 36.324
1 70.8287 44.0661 33.9704 77.6208 45.906
1 233.683 246.423 53.3741 61.3681 -73.9063
1 38.4973 53.2568 48.3986 50.1827 -60.7294
1 186.217 254.396 38.3261 89.5916 -56.5881
1 94.5009 223.244 53.497 57.8715 -35.6394
1 269.572 151.177 39.5185 41.7546 -31.7425
1 226.463 205.976 28.6563 29.6092 -12.1903
