45.6372
1 170.481 60.2109 53.6751 83.4437 -80.8309
1 218.437 251.256 48.304 76.0618 -48.9129
1 147.963 232.906 70.1816 77.6411 50.2944
1 258.496 141.258 61.4945 69.4986 -3.22401
1 55.4832 123.314 60.3537 86.2838 -10.3138
1 170.728 103.458 56.0296 65.8246 -33.0655
1 136.509 267.257 44.4706 47.9476 76.1247
1 76.4369 243.32 59.7169 79.296 12.2684
1 232.504 159.255 55.7585 57.6453 -61.0951
1 212.648 56.0677 46.7767 55.1385 -58.4322
1 266.574 233.295 48.4546 74.0598 42.11
1 38.2364 44.9501 54.4148 71.1517 -83.7601
1 82.5447 211.629 91.7257 95.1371 -38.3987
1 268.492 199.136 37.5351 57.9214 -64.1063
