53.6266
1 89.5389 49.2963 80.4484 86.2448 70.8893
1 42.8958 116.336 48.3187 89.116 -40.0687
1 72.3567 236.98 69.9071 85.1412 -82.2801
1 220.483 224.073 54.4487 69.5513 -11.8487
1 152.372 86.4017 59.5668 85.1314 -0.170175
1 195.332 57.3376 31.4582 83.3203 -27.3619
1 259.483 67.269 43.5421 45.4937 70.9211
1 267.847 126.359 40.1082 68.7658 -49.1243
1 107.545 234.163 35.4451 74.2145 46.6559
1 117.536 170.228 33.688 57.1454 70.1603
1 242.416 109.361 40.3068 76.1886 -1.95436
1 256.485 228.227 38.2178 54.0734 88.6889
1 173.52 176.02 31.6111 72.8057 -88.0223
1 201.364 159.492 35.1806 60.9873 -14.298
1 88.5948 112.313 31.7158 35.0406 2.52017
1 83.4786 166.987 60.4242 79.6926 82.596
