54.186
1 141.52 97.2833 65.5988 69.5265 84.9973
1 126.352 31.3213 35.4915 42.1581 -58.134
1 131.483 261.202 45.765 63.3347 -85.8197
1 245.547 58.3347 57.6625 71.573 15.2841
1 209.348 254.384 33.8547 61.3945 -72.3944
1 51.5378 208.007 53.6907 56.8325 -79.5466
1 267.495 178.278 41.3849 41.6028 -13.7871
1 91.5936 63.1725 49.6684 59.9382 -75.1396
1 165.557 175.337 43.7363 65.4568 18.6643
1 61.3459 263.37 37.7232 57.0213 -72.8714
1 176.636 205.254 53.301 63.7366 72.3962
1 46.3999 145.327 38.5002 45.9507 -37.5528
1 220.774 136.784 66.9417 70.4205 -41.2481
1 251.473 126.284 52.2002 56.3838 -28.0888
1 213.57 66.5413 51.9308 75.0792 75.6039
1 84.1757 223.414 56.3619 69.3231 -78.3991
1 231.789 203.085 32.6424 50.5973 -80.9191
1 83.5092 120.278 44.4973 46.3039 51.0539
1 276.537 254.262 36.042 40.1435 -1.76031
1 262.034 218.832 34.1327 46.6878 8.50784
1 62.4474 109.399 40.7806 44.1232 -2.33231
1 101.735 25.1827 30.7907 69.8168 -16.2603
1 251.519 256.033 34.4607 52.1753 79.5508
1 130.558 206.241 29.6428 52.5471 53.6136
