45.4961
1 83.2954 86.6047 36.6327 46.6261 -74.9804
1 248.501 243.242 41.6909 47.6747 69.9878
1 93.5545 42.2388 39.5359 43.7555 -6.5727
1 103.011 232.703 66.1539 74.3235 60.3601
1 170.42 169.007 33.9081 47.7345 78.2519
1 255.509 173.278 50.3781 58.0801 -11.1755
1 204.492 264.318 36.2003 56.4621 15.115
1 31.5306 153.204 48.3828 68.0058 87.2525
1 138.557 218.346 42.353 74.3141 3.69231
1 182.471 75.2727 50.379 52.0154 -68.6508
1 80.5099 173.608 61.0932 70.694 -73.0373
1 44.6387 121.673 38.3349 53.0382 -76.237
1 195.299 105.376 49.9115 71.8957 -69.5016
1 253.658 45.3767 46.4396 59.6706 34.9413
1 132.883 34.3986 29.9173 34.3771 14.0456
1 53.4226 204.273 38.3908 68.2508 -49.8062
1 43.6233 66.2884 29.5329 47.4255 50.3723
1 217.534 232.315 37.8527 74.2822 1.41148
1 260.48 191.249 45.6176 49.5183 -78.6761
1 46.9699 45.3293 38.6123 41.6219 -80.614
1 122.467 74.0473 23.3477 27.5566 -89.807
1 154.008 135.606 33.8653 63.4327 -14.1036
