74.4171
1 181.5 191.23 67.8165 83.3679 -84.7674
1 190.515 127.187 64.4151 77.9803 82.7786
1 133.261 83.6917 70.1944 80.3757 -44.2415
1 91.0458 60.4595 62.5773 83.3405 43.3493
1 144.35 180.414 64.1474 84.1703 -15.8808
1 41.5028 137.506 47.5916 78.7545 -41.4642
1 261.518 155.146 34.3292 70.2858 -81.6197
1 29.4265 177.786 38.0547 71.6964 -85.1674
1 122.458 250.232 46.2007 50.2149 -46.689
1 106.558 273.268 42.2671 70.2051 23.1565
1 245.457 240.581 46.7413 66.0837 43.4923
1 139.807 41.9096 44.5109 46.64 -9.99579
1 253.137 121.195 35.5696 42.3992 57.064
1 64.5255 146.332 35.4019 39.2072 10.1104
