# center_row center_col major_diameter minor_diameter angle_deg score
182.949 90.9299 58.7332 44.6003 87.6515 0.923448
149.894 192.215 62.7571 59.0752 2.06873 0.862866
100.066 106.407 100.873 54.4233 24.008 0.796151
242.852 109.272 63.2745 62.6631 -60.5827 0.792355
232.997 246.035 60.5286 53.0118 -74.9994 0.802783
38.0127 52.9896 44.701 42.7719 -62.7763 0.815573
268.777 150.788 40.7557 39.1777 -14.1936 0.80253
186.013 254.035 89.0122 37.5551 -56.3795 0.847237
226.088 206.25 29.0885 28.4641 59.3968 0.796676
