48.8914
1 130.653 252.305 39.561 73.6639 38.8622
1 35.6144 73.3156 51.5022 57.8922 -75.8332
1 220.48 112.034 53.6377 54.9077 60.1555
1 119.815 46.3442 29.4223 62.9621 52.6201
1 50.6111 30.1893 42.8986 71.0954 -37.2423
1 201.133 254.154 60.1134 80.3644 -26.3984
1 96.6539 35.6488 38.3621 41.1925 74.9191
1 242.274 159.314 63.6703 64.0884 -28.6798
1 231.522 217.251 35.7373 43.4522 10.0187
1 128.703 113.497 29.5836 51.0425 -21.9033
1 35.5172 149.194 42.3961 70.0736 65.5212
1 84.4668 163.603 55.0314 60.2621 -25.7075
1 217.452 178.382 31.7848 69.2725 -9.38609
1 143.603 208.253 36.5637 48.3914 33.8827
1 91.7243 101.636 63.7789 67.7303 61.3173
1 194.374 145.644 38.173 53.95 -18.4026
1 160.708 220.079 36.2149 65.7482 -73.5853
