# center_row center_col major_diameter minor_diameter angle_deg score
221.735 72.7808 129.155 88.2295 -40.402 0.92687
142.547 83.1662 148.492 56.5324 63.0349 0.947013
76.522 150.259 118.328 108.298 -25.9005 0.91712
35.4941 213.165 88.4914 54.3645 -82.0979 0.94214
173.553 169.248 125.876 85.4268 -48.4305 0.893601
252.623 238.644 74.2473 62.6933 44.5522 0.949703
258.528 203.22 70.0616 50.5373 54.6002 0.925504
100.342 209.31 95.8684 50.3942 -59.2375 0.919559
168.075 133.859 34.327 26.1475 -17.7375 0.795866
