68.3101
1 138.922 39.9605 52.9829 66.6096 -53.7844
1 232.032 235.988 50.9292 52.5564 70.2374
1 166.428 86.9352 39.4711 78.0387 -11.4095
1 92.0544 83.0009 44.724 54.6745 -3.75312
1 35.9869 86.9819 30.8352 50.4558 -20.4971
1 47.8172 235.458 56.2472 63.2157 6.96144
1 135.018 227.006 46.7022 66.8836 -15.2525
1 258.926 95.7822 28.643 47.0315 89.9086
1 163.774 264.768 43.266 62.8987 -76.0437
1 141.529 103.987 44.4565 75.7862 -33.5796
1 99.9864 20.9627 37.5299 41.3682 8.63561
1 191.951 134.957 54.8357 56.7828 42.3184
1 270.051 158.889 48.6871 60.461 -67.9202
1 72.5127 153.214 62.7744 67.4012 52.8584
1 49.0981 210.25 49.0518 69.7361 32.6832
