39.9678
1 154.523 80.3293 44.1126 72.1488 45.6357
1 100.539 198.412 53.9677 80.3117 -33.725
1 46.664 253.347 34.4881 80.3997 30.9633
1 79.4692 98.2284 71.7614 73.5959 -70.99
1 95.238 120.161 59.8451 85.9145 -55.2287
1 199.422 176.981 65.5567 66.092 68.7664
1 174.767 237.408 56.217 64.1873 3.90995
1 174.663 39.0504 56.0337 80.4527 42.171
1 244.051 138.095 40.4287 48.5798 -49.8745
1 225.112 223.669 50.2039 55.4586 -39.675
1 36.5779 55.1124 44.6445 65.5303 -53.0169
1 190.847 262.645 37.4628 52.65 41.9174
1 47.5389 24.2621 29.4264 35.6259 8.5659
1 94.0464 183.452 32.3753 69.6382 -20.6395
1 49.5082 149.106 33.4078 50.0102 -6.33183
1 27.6086 262.335 49.9379 62.2464 -89.0945
1 192.376 52.2897 50.138 52.6566 -9.34311
1 249.451 52.3575 35.5407 61.4778 24.0755
1 278.516 46.2856 33.6779 37.6369 31.5974
