54.4374
1 81.3546 64.2574 52.4703 86.6567 -59.1356
1 248.261 242.885 58.1597 68.2923 -66.9849
1 254.249 129.32 52.1592 66.1204 48.9929
1 137.528 267.229 36.664 80.6039 -15.0886
1 42.4995 70.2449 62.0587 62.2198 -21.7922
1 140.55 163.187 47.8361 71.5338 78.316
1 159.33 49.3534 41.8428 45.1918 -21.8316
1 246.437 72.243 54.2744 86.3185 -26.5769
1 69.9089 215.875 70.1125 74.6354 -12.9719
1 154.652 210.296 40.4804 79.8129 53.2221
1 189.671 110.35 35.5198 79.5386 36.0357
1 220.276 242.133 55.5534 79.2167 -42.224
1 81.6817 158.887 43.2963 53.1717 70.514
1 100.25 230.761 45.5738 69.6285 7.76637
1 175.964 193.501 37.5772 74.5765 27.0323
1 76.1786 101.721 38.6611 60.0455 53.2094
1 155.505 277.231 40.2124 42.374 44.7827
1 214.07 71.2291 39.7315 41.2798 -15.7325
1 191.325 41.5631 31.7893 81.7298 -23.3652
