64.0033
1 232.464 114.565 71.829 94.8887 -70.9862
1 220.459 205.258 50.1426 60.4309 -17.7203
1 266.565 52.0936 49.6687 87.1303 76.0463
1 169.336 42.3375 31.5871 51.5235 -23.6147
1 49.7653 98.5716 54.2374 82.7292 -41.7212
1 63.0176 219.078 49.6177 93.1752 17.178
1 185.638 223.289 37.5106 79.1088 63.9338
1 45.6257 54.2367 49.6087 55.6579 -30.5522
1 146.51 121.142 30.3564 64.625 77.6999
1 243.229 36.229 36.0009 89.8871 24.3277
1 164.562 182.229 31.9015 39.5766 -67.6993
1 117.322 98.4125 38.5757 64.6087 -26.315
1 188.002 97.1433 44.599 69.6353 -60.7479
1 81.5002 68.7445 31.9751 84.2985 -73.8591
