37.9586
1 102.11 74.3493 36.8064 45.3181 16.7903
1 226.992 208.983 49.3661 51.2497 52.1467
1 150.013 169.967 38.605 70.6103 -49.1005
1 40.1083 176.9 50.9169 64.8229 -11.6309
1 231.988 264.901 40.971 58.6181 62.3332
1 85.0278 212.079 30.7801 50.6341 68.4769
1 114.992 253.972 52.9709 66.6958 -44.4076
1 173.833 255.131 63.5222 64.2788 22.9946
1 174.998 206.99 32.4439 32.4936 -83.8026
1 197.629 55.0368 64.7297 108.772 -22.4384
1 166.973 19.9717 30.4568 30.579 -9.34942
1 31.9722 72.9056 39.4588 49.4207 45.0586
1 249.93 156.518 36.6486 56.5894 74.0172
1 56.0151 144.914 40.78 66.6241 66.6589
1 21.464 50.46 37.8895 44.2178 84.1738
1 85.3719 33.8401 39.6817 83.0519 -25.2047
