# center_row center_col major_diameter minor_diameter angle_deg score
71.0313 154.009 92.6658 56.5091 78.932 0.816971
32.0937 210.865 80.8306 36.7486 -67.481 0.905698
115.964 235.04 78.4636 48.8741 88.0147 0.899634
232.01 122.959 50.8305 44.5849 -52.633 0.911722
250.032 38.0433 48.8561 48.643 46.1918 0.843137
198.029 172.97 54.6079 40.5804 20.909 0.853156
186.98 41.9293 90.9003 37.8126 43.3126 0.895967
144.076 160.922 74.8811 52.9079 -76.526 0.827554
259.885 76.946 52.7362 48.9202 -6.39643 0.787871
