45.029
1 251.008 245.519 74.3398 79.4725 -78.9926
1 84.1351 93.2697 41.5139 88.7915 32.5834
1 62.6941 249.163 80.801 87.7558 -38.8249
1 273.661 180.305 31.5144 53.4264 42.3234
1 115.732 152.277 55.2367 57.5538 63.8701
1 270.432 39.9896 39.2658 72.5594 -67.4741
1 222.375 105.012 56.6955 83.212 6.71387
1 190.492 253.228 58.221 66.3164 28.2342
1 214.449 209.556 63.1599 76.5662 -52.3636
1 184.551 48.3123 55.4369 72.0256 -17.9068
1 191.449 153.536 53.6621 75.9423 -42.9412
1 122.613 88.3254 38.3752 63.6324 72.1345
1 100.529 238.268 48.3339 56.1786 51.3047
1 264.477 125.034 35.7993 68.9514 -70.2062
1 70.3289 172.507 45.6524 52.3379 40.2429
1 75.4325 125.349 38.4449 56.1726 -30.7698
1 46.1457 211.526 42.9154 44.1121 64.7875
1 145.922 33.1878 34.7239 58.5896 18.3016
1 81.2422 46.861 37.7471 75.7647 10.8495
1 244.431 44.2641 35.6686 53.8462 41.5494
