50.7618
1 122.912 64.9308 44.7139 47.0188 31.7442
1 162.009 93.9689 32.6885 50.7468 -54.1238
1 157.793 221.147 65.2025 73.0928 15.7096
1 221.856 94.4542 58.7378 70.5012 -59.8458
1 123.886 165.961 28.6578 56.6806 1.76608
1 35.3597 30.4527 35.1448 60.2352 -34.1043
1 247.035 23.0485 30.9942 38.5814 -59.2426
1 56.9671 135.018 34.8112 50.5547 -23.8216
1 163.978 136.046 40.8467 44.8073 -21.2482
1 113.93 131.866 54.6641 70.3023 -80.2392
1 217.306 215.015 29.1626 62.3059 47.252
1 76.5932 253.951 35.1094 37.9058 45.7418
1 29.7983 105.241 42.5503 48.7207 -81.6282
1 94.9593 42.9397 40.9526 57.4068 -26.2915
