# center_row center_col major_diameter minor_diameter angle_deg score
269.016 229.003 77.5719 47.4252 76.0425 0.784273
53.0344 159.012 78.4841 42.8762 -67.755 0.852897
89.174 253.047 59.6766 49.4942 31.4059 0.858221
60.0085 79.0137 88.3565 34.6732 29.3803 0.893053
109.855 159.032 73.5627 51.5372 -18.9333 0.784061
111.818 57.082 63.2494 40.8445 -36.7658 0.812618
136.019 204.064 43.3726 41.7012 -37.2894 0.887018
264.923 70.0867 48.7848 42.7057 0.15558 0.786149
67.0012 41.8495 42.6353 38.5995 37.0834 0.783104
