42.6037
1 48.5334 220.327 61.5981 66.4454 -3.57704
1 90.4998 148.215 53.7621 71.5836 -76.4982
1 189.605 113.773 68.4994 79.0556 -74.5885
1 245.495 209.263 43.7711 45.5766 -61.4873
1 233.162 129.964 50.0232 76.302 3.31752
1 122.488 214.288 49.7084 83.2662 -21.2842
1 95.7653 60.3723 40.6006 76.6394 51.9912
1 134.534 101.361 31.9789 60.0618 61.4799
1 113.722 244.322 29.5725 81.1098 44.4752
1 34.2539 38.174 40.9461 45.653 -17.737
1 188.402 160.361 56.2818 62.0778 70.6756
1 55.5239 127.981 43.8862 74.559 85.8773
1 239.403 70.1886 37.9153 45.6694 -51.0233
1 106.472 33.2328 39.5249 55.5673 -63.0859
1 202.68 48.317 44.2709 48.4942 -3.35963
1 210.338 256.426 42.2946 86.3599 -22.5171
1 239.402 41.2917 42.4908 73.9948 -43.991
1 169.845 251.77 35.0754 84.9465 -83.3901
1 55.4469 63.9341 29.8989 32.0705 58.3347
1 42.3996 169.243 36.1303 40.1191 53.6199
