43.2067
1 155.528 49.2082 66.0253 86.4203 -68.631
1 189.352 183.717 60.3305 77.157 66.3305
1 254.47 96.2338 80.2571 86.2501 -9.50432
1 174.561 122.193 44.9825 45.5456 37.9435
1 82.5071 51.2033 42.1562 50.0876 89.428
1 44.5387 137.29 33.2561 33.6099 23.5323
1 109.448 145.575 36.1611 98.2911 -5.51005
1 109.508 221.271 58.3046 74.3065 -33.4517
1 220.476 201.271 34.3324 60.0809 -80.0651
1 80.6979 236.658 37.8032 52.1457 38.6099
1 93.6175 105.448 41.6579 96.5915 31.5158
1 231.107 113.513 59.8459 62.1403 -69.7843
1 180.539 212.272 48.327 49.9925 68.3015
1 95.1452 189.42 39.9381 46.542 60.902
