46.0281
1 48.2065 81.1356 78.6815 98.6289 59.4565
1 47.4923 132.3 72.3248 86.2396 -27.6586
1 168.122 119.921 54.3358 66.8692 53.9442
1 201.452 245.05 84.5904 100.474 24.2748
1 137.56 57.3413 51.9624 64.0618 -88.0411
1 246.472 199.163 55.6446 73.3357 -63.3169
1 261.561 260.166 33.5621 81.9346 45.2915
1 130.436 182.249 51.536 69.8483 -55.4634
1 237.8 49.1298 60.6376 73.724 83.3425
1 133.473 212.093 33.9299 92.6651 85.4017
1 113.169 47.4658 38.0917 42.2988 -63.0718
1 218.543 115.025 36.2598 51.7556 -75.3819
1 89.4287 202.231 38.264 52.1063 -83.4018
1 209.795 147.605 34.3136 49.3055 53.0135
1 216.383 34.3218 40.2385 91.2104 1.33198
1 209.641 190.93 30.0119 36.8989 66.9939
