42.6984
1 92.2905 88.874 67.815 70.8423 66.4684
1 246.27 266.423 52.2734 67.6963 -58.0349
1 248.473 66.2074 36.4685 68.2101 -51.9471
1 179.53 251.183 51.8764 57.3424 -0.147038
1 135.617 128.169 35.6832 50.5935 62.8446
1 32.5229 211.279 44.2317 60.2199 2.67507
1 140.998 238.611 38.5311 74.8763 -45.915
1 181.412 204.167 48.6954 77.1595 -42.1056
1 92.4815 162.251 55.4884 55.5446 46.4383
1 256.485 170.331 46.169 68.4392 -18.0426
1 242.555 121.266 38.3583 60.1427 33.3068
1 278.437 76.2252 29.8945 35.2822 -11.7894
1 268.625 234.291 56.3602 59.9424 69.0301
1 68.9733 231.772 45.7113 54.3996 80.1484
1 193.371 89.7945 39.7427 50.4955 -34.3579
1 66.3874 160.282 40.3882 60.331 -44.4629
1 186.455 51.1955 44.2133 60.4107 -72.5291
1 168.012 74.4188 57.8216 75.2641 21.6437
1 69.8921 106.678 39.8098 55.6096 12.3021
1 223.895 136.483 36.1939 67.2275 27.2535
1 42.3393 252.381 33.9958 42.0857 75.9287
1 91.0838 26.5973 42.0137 54.8835 -18.1614
1 233.328 212.576 38.8296 46.5348 -16.0687
