43.8145
1 43.4785 49.2239 45.8199 49.6736 60.2042
1 131.486 61.2852 41.4856 61.5854 -48.6527
1 122.537 195.064 54.6726 72.0835 -44.4211
1 244.032 254.292 64.9805 74.7788 -72.669
1 75.7643 125.399 59.9891 65.4881 60.017
1 251.069 123.555 35.7676 64.7059 -2.23979
1 260.572 204.24 29.4801 45.9366 28.3525
1 33.4609 158.35 33.5723 53.2948 -0.638605
1 97.5383 55.2503 38.2788 58.4109 -64.8279
1 50.4779 104.253 44.2657 54.1548 -47.9939
1 121.487 247.213 37.7222 45.6343 32.7575
1 183.528 259.213 52.3 64.1488 0.464238
1 88.5124 194.217 40.4101 48.2311 74.6776
1 54.4986 33.3367 31.5481 71.9771 -8.97849
1 235.039 92.1547 46.6167 74.5263 26.2534
1 176.462 110.51 53.4409 60.3232 -11.2403
1 58.7966 225.83 32.1461 68.4404 52.3129
1 149.352 129.569 53.3409 75.0957 70.5686
1 75.536 264.08 33.9284 58.073 -51.7102
1 201.545 222.164 33.9569 64.9908 -82.6677
1 176.599 152.312 53.1388 56.1682 -28.9397
1 169.492 228.347 38.2408 50.0902 -7.24902
1 265.555 87.6871 35.7893 45.5632 -3.48478
