59.5595
1 154.613 126.999 80.7076 101.406 -36.1773
1 115.372 226.108 45.587 96.9986 -8.22737
1 72.5043 64.0721 39.3935 59.3884 -51.1414
1 153.3 219.501 70.1614 78.3826 31.9255
1 242.501 157.046 44.2147 45.7039 -53.9985
1 183.501 97.2558 54.2735 62.1973 -69.8454
1 224.65 214.72 53.7662 84.7916 -63.0506
1 180.378 163.634 36.8952 68.5083 48.1636
1 247.469 224.209 42.4006 52.1499 -79.403
1 46.6539 90.3613 36.8859 50.1617 -59.4587
1 168.622 251.093 32.0278 82.8894 67.8406
1 70.1547 123.184 32.0664 59.2742 81.8845
