56.3409
1 237.011 91.367 40.4235 75.9672 -26.815
1 157.912 134.554 48.4843 97.0646 -21.0836
1 254.472 166.211 55.8147 70.5778 58.6677
1 48.7833 73.6126 55.3378 85.6908 15.5495
1 60.5365 230.243 38.0177 39.3857 -68.559
1 268.529 222.108 41.8178 85.5341 67.1537
1 135.587 238.295 62.4062 70.2099 70.9331
1 81.422 106.269 52.4868 68.3304 -30.1453
1 214.19 170.629 35.9804 66.6017 58.2365
1 110.689 87.4989 32.1412 71.4642 26.2365
1 234.52 226.136 30.2137 90.0546 85.5405
1 119.504 196.817 51.6342 64.9124 -60.1432
1 161.149 90.6526 29.6255 61.4363 84.728
1 80.7248 52.4565 33.7227 56.4057 86.2823
1 199.473 80.1408 33.5723 63.4845 -58.1059
1 104.514 242.016 46.8355 52.0655 25.332
