41.2151
1 59.5105 64.2719 52.9463 54.4632 -42.8682
1 92.6241 174.324 67.8521 70.1751 7.75934
1 115.459 213.212 36.5336 70.0742 -24.4301
1 41.4062 201.259 57.5078 63.6181 72.907
1 215.098 223.771 45.5926 66.7676 -29.9559
1 154.898 75.6401 38.4814 75.687 25.0707
1 186.525 110.194 39.5941 53.8854 -48.4188
1 265.298 169.036 41.4225 72.1365 -49.9779
1 174.173 222.425 41.268 70.4595 76.806
1 170.027 156.989 43.8252 49.4937 26.3965
1 243.391 42.3331 33.7864 65.8368 19.7071
1 54.6112 232.188 29.1576 45.9382 -49.1241
1 198.534 257.068 34.2968 58.5387 66.5871
1 80.5097 101.275 43.9851 54.4373 -48.1042
1 200.576 48.8791 30.1167 34.0653 75.5224
1 200.362 148.812 29.7645 54.1855 -40.7758
1 202.992 28.4208 29.4106 42.8245 28.8199
1 144.452 102.187 34.116 44.5442 57.7871
1 257.416 102.05 33.8518 43.5997 -39.1794
1 189.467 175.309 36.1484 41.8902 -85.0642
1 90.5782 92.1011 21.9035 30.5392 53.4707
