40.3817
1 248.064 66.03 35.7299 67.2396 -52.0411
1 91.8847 162.028 59.1003 59.6097 -5.12116
1 134.905 126.851 30.6619 47.1662 64.1679
1 91.9907 88.9954 66.7848 70.8429 64.3513
1 82.8133 29.096 52.5156 70.7126 -12.6862
1 178.927 250.985 50.6335 56.6813 -0.69744
1 245.894 266.221 46.6584 62.1019 -56.5631
1 241.99 120.984 37.4481 59.3121 32.961
1 255.928 169.956 40.8809 62.6908 -18.2458
1 193.711 89.9624 37.3441 48.835 -36.369
1 42.1096 251.826 29.2137 36.6914 79.2598
1 32.509 209.796 41.0141 57.7633 3.86514
1 66.3342 159.9 39.8743 59.8333 -43.6747
