# center_row center_col major_diameter minor_diameter angle_deg score
41.1434 126.385 75.9242 63.0938 -15.5027 0.937988
126.975 57.059 81.1586 57.5863 -39.0981 0.846342
141.981 200.97 74.6765 70.8218 -73.4703 0.815339
43.0538 55.9374 75.1831 69.6088 -1.12203 0.832536
130.035 245.512 85.324 70.249 -15.2562 0.84015
46.03 208.937 73.3942 51.6776 59.0722 0.859549
263.824 175.308 48.7866 47.484 13.4012 0.804743
268.001 92.9688 50.6058 44.5385 0.866566 0.786545
181.041 137.036 71.934 41.4707 -19.8211 0.898686
