# center_row center_col major_diameter minor_diameter angle_deg score
325.353 201.07 72.2142 48.726 -80.8838 0.964027
320.934 79.3888 71.0906 47.3766 -75.9502 0.948478
260.041 103.022 63.6456 39.8322 -77.4413 0.940963
206.722 124.298 59.6787 35.5334 -79.0143 0.948445
160.84 142.71 55.3084 30.7145 -78.6329 0.953036
206.46 227.368 53.2136 31.4269 -83.7955 0.946501
268.303 380.617 50.8416 33.6985 86.9158 0.95788
201.361 377.951 45.3538 26.9515 88.7641 0.941998
260.286 214.936 50.12 30.9262 -79.897 0.893774
