# center_row center_col major_diameter minor_diameter angle_deg score
51.1416 47.1448 81.6612 59.9889 -14.5486 0.890352
208.986 76.0541 68.6953 60.661 4.93635 0.922638
95.8482 236.1 58.8694 36.7087 -43.2919 0.791628
76.9997 162.016 64.5508 44.5253 42.1078 0.780229
154.686 44.1413 47.1669 28.6309 -21.7577 0.798336
218.93 255.913 54.8828 42.8995 -71.776 0.840185
250.002 188.906 36.7182 28.7786 -81.288 0.848603
151.352 161.062 96.9206 61.5926 -58.1318 0.799897
221.248 130.518 51.5248 39.0634 -89.7014 0.790036
