30.357
1 168.924 189.462 79.3627 117.242 50.8564
1 243.057 141.91 53.0665 54.1654 64.6151
1 72.5207 114.235 83.7016 109.48 86.4696
1 157.471 126.201 49.7096 89.3339 -64.3786
1 71.552 36.3066 39.5419 49.8144 33.6418
1 271.506 177.12 46.3466 100.263 75.5503
1 117.494 223.206 58.4528 78.0185 82.4986
1 138.568 270.323 36.4574 43.9295 18.3336
1 234.434 249.197 39.4482 92.7885 -25.9988
1 84.2424 150.414 71.5549 80.368 44.478
1 258.266 242.77 43.4297 50.2041 -34.9041
1 114.388 99.3234 29.3238 77.4083 -31.9912
