# center_row center_col major_diameter minor_diameter angle_deg score
179.954 99.7673 77.8075 41.5324 -3.15499 0.855701
79.0153 153.002 66.6021 36.736 51.6539 0.806825
160.015 245.004 54.801 34.7357 13.0498 0.86004
133.148 142.149 68.9303 55.2842 79.7051 0.864907
173.839 30.2013 55.5641 51.987 54.3552 0.792744
42.3547 114.572 66.3968 50.8321 -57.6931 0.911458
224.08 200.089 66.8424 44.4417 -73.8157 0.788338
162.055 49.8913 52.8372 50.9263 56.1294 0.808846
227.91 263.26 44.071 29.9349 2.78208 0.822685
