# center_row center_col major_diameter minor_diameter angle_deg score
166.001 89.065 80.5375 78.8047 59.3533 0.864353
42.9408 88.3307 76.7897 74.8084 71.6054 0.780618
85.5656 264.869 54.4193 44.2583 23.9383 0.863498
38.0366 187.066 38.7583 30.7037 -66.5454 0.848968
214.053 258.993 60.7019 38.7122 29.522 0.789322
54.0839 220.962 49.0888 36.6034 -29.4852 0.805322
275.581 218.021 42.6364 39.6727 79.4191 0.825374
124.822 143.077 47.1685 32.9827 -39.2352 0.784504
247.02 231.021 50.7729 32.9766 82.284 0.785727
