# center_row center_col major_diameter minor_diameter angle_deg score
66.0474 209.581 76.6099 75.5029 -6.45892 0.90926
168.98 48.9503 66.9864 43.302 63.6985 0.963022
239.964 38.0441 62.7962 44.7636 57.0579 0.825822
68.8526 121.249 62.5744 41.9592 -56.3973 0.791321
109.121 92.0971 82.3048 62.696 41.5604 0.842751
230.979 194.003 52.7228 46.7328 -66.7035 0.859814
50.8802 54.1015 74.4285 44.826 -38.1571 0.797207
186.09 271.893 39.1182 36.8349 -53.4459 0.852968
105.975 42.8467 36.3077 32.5479 39.0126 0.809281
