39.3155
1 125.861 101.135 45.1907 50.7884 21.9364
1 56.9921 244.932 48.6365 56.5473 88.1523
1 32.007 122.969 45.4213 59.308 31.3341
1 169.912 253.009 52.5012 52.7859 -10.2124
1 241.01 271.98 43.5228 69.3414 -18.649
1 166.052 164.451 51.7917 70.3418 17.3701
1 186.066 28.1037 32.846 36.8135 71.6758
1 124.071 217.859 40.9876 44.4207 51.5513
1 38.1211 29.0949 51.1322 66.8183 -13.216
1 272.617 146.766 30.6277 51.8096 39.7489
1 238.517 130.803 49.5101 69.4418 -60.6792
1 125.092 259.916 46.6268 61.0709 -30.2515
1 101.054 139.97 51.3017 70.6961 20.3253
