# center_row center_col major_diameter minor_diameter angle_deg score
229.202 140 70.2008 60.5042 60.756 0.906082
33.0495 180.053 68.5329 52.7645 -87.9434 0.91111
62.8388 260.027 55.6178 51.5811 7.19497 0.850195
189.956 234.64 55.216 41.018 79.0142 0.828339
30.0108 38.991 55.347 33.4934 -10.3057 0.935605
50.1696 84.304 67.6258 64.2187 -31.0789 0.872879
77.9042 211.947 72.8476 38.8669 19.3165 0.803178
99.9962 173.077 48.5195 40.8036 33.1452 0.792896
192.926 202.196 36.7256 35.3424 34.4048 0.807372
