# contour_count 185
contour 0 size 254
2 1
2 2
2 3
2 4
2 5
2 6
2 7
2 8
2 9
2 10
2 11
2 12
2 13
2 14
2 15
2 16
2 17
2 18
2 19
2 20
2 21
2 22
2 23
2 24
2 25
2 26
2 27
2 28
2 29
2 30
2 31
2 32
2 33
2 34
2 35
2 36
2 37
2 38
2 39
2 40
2 41
2 42
2 43
2 44
2 45
2 46
2 47
2 48
2 49
2 50
2 51
2 52
2 53
2 54
2 55
2 56
2 57
2 58
2 59
2 60
1 61
1 62
1 63
1 64
1 65
1 66
2 67
2 68
2 69
2 70
2 71
2 72
2 73
2 74
2 75
2 76
2 77
2 78
2 79
2 80
2 81
2 82
2 83
2 84
2 85
2 86
2 87
2 88
2 89
2 90
2 91
2 92
2 93
2 94
2 95
2 96
2 97
2 98
2 99
2 100
2 101
2 102
2 103
2 104
2 105
2 106
2 107
2 108
2 109
2 110
2 111
2 112
2 113
2 114
2 115
2 116
2 117
2 118
2 119
2 120
2 121
2 122
2 123
2 124
2 125
2 126
2 127
2 128
2 129
2 130
2 131
1 132
2 133
2 134
2 135
2 136
2 137
2 138
2 139
2 140
2 141
2 142
2 143
2 144
2 145
2 146
2 147
2 148
2 149
2 150
2 151
2 152
2 153
2 154
2 155
2 156
2 157
2 158
2 159
2 160
2 161
2 162
2 163
2 164
2 165
2 166
2 167
2 168
2 169
2 170
2 171
2 172
2 173
2 174
2 175
2 176
2 177
2 178
2 179
2 180
2 181
2 182
2 183
2 184
2 185
2 186
2 187
2 188
2 189
2 190
2 191
2 192
2 193
2 194
2 195
2 196
2 197
2 198
2 199
2 200
2 201
2 202
2 203
2 204
2 205
2 206
2 207
2 208
2 209
2 210
2 211
2 212
2 213
2 214
2 215
2 216
2 217
2 218
2 219
2 220
2 221
2 222
2 223
2 224
2 225
2 226
2 227
2 228
2 229
2 230
2 231
2 232
2 233
2 234
2 235
2 236
1 237
2 238
2 239
2 240
2 241
2 242
2 243
2 244
2 245
2 246
2 247
2 248
2 249
2 250
2 251
2 252
2 253
1 254
contour 1 size 233
4 1
5 1
6 1
7 1
8 1
9 1
10 1
11 1
12 1
13 1
14 1
15 1
16 1
17 1
18 2
19 1
20 1
21 1
22 1
23 1
24 1
25 2
26 1
27 1
28 1
29 1
30 1
31 1
32 1
33 2
34 1
35 1
36 1
37 1
38 1
39 1
40 1
41 1
42 1
43 2
44 2
45 2
46 2
47 1
48 1
49 2
50 1
51 1
52 2
53 1
54 2
55 2
56 2
57 2
58 2
59 2
60 2
61 2
62 2
63 2
64 2
65 2
66 2
67 2
68 2
69 2
70 2
71 2
72 2
73 2
74 1
75 2
76 1
77 1
78 1
79 1
80 1
81 1
82 1
83 1
84 1
85 1
86 1
87 1
88 1
89 1
90 1
91 1
92 1
93 1
94 1
95 1
96 1
97 1
98 1
99 1
100 1
101 1
102 1
103 1
104 1
105 1
106 1
107 1
108 2
109 2
110 2
111 2
112 2
113 2
114 2
115 2
116 2
117 2
118 2
119 1
120 1
121 2
122 1
123 2
124 1
125 1
126 1
127 1
128 2
129 2
130 2
131 1
132 1
133 2
134 2
135 2
136 2
137 2
138 2
139 2
140 2
141 2
142 2
143 2
144 2
145 2
146 2
147 2
148 2
149 2
150 2
151 2
152 2
153 2
154 2
155 2
156 2
157 2
158 2
159 2
160 2
161 2
162 2
163 2
164 2
165 2
166 2
167 2
168 2
169 2
170 2
171 2
172 2
173 2
174 2
175 2
176 2
177 2
178 2
179 2
180 2
181 2
182 2
183 2
184 2
185 2
186 2
187 2
188 2
189 2
190 2
191 2
192 2
193 2
194 2
195 2
196 2
197 2
198 2
199 2
200 2
201 2
202 2
203 2
204 2
205 2
206 2
207 2
208 2
209 2
210 2
211 2
212 2
213 2
214 2
215 2
216 2
217 2
218 2
219 2
220 2
221 2
222 2
223 2
224 2
225 2
226 2
227 2
228 2
229 2
230 2
231 3
232 3
233 3
234 3
235 4
236 4
contour 2 size 267
4 8
5 8
6 8
7 8
8 8
9 8
10 8
11 8
12 8
13 8
14 8
15 8
16 8
17 8
18 8
19 8
20 8
21 8
22 8
23 8
24 8
25 8
26 8
27 8
28 8
29 8
30 8
31 8
32 8
33 8
34 8
35 8
36 8
37 8
38 8
39 8
40 8
41 8
42 8
43 8
44 8
45 8
46 8
47 8
48 8
49 8
50 8
51 8
52 8
53 8
54 8
55 8
56 8
57 8
58 8
59 8
60 8
61 8
62 8
63 8
64 8
65 8
66 8
67 8
68 8
69 8
70 8
71 8
72 8
73 8
74 8
75 8
76 8
77 8
78 8
79 8
80 8
81 8
82 8
83 8
84 8
85 8
86 8
87 8
88 8
89 8
90 8
91 8
92 8
93 8
94 8
95 8
96 8
97 8
98 8
99 8
100 8
101 8
102 8
103 8
104 8
105 8
106 8
107 8
108 8
109 8
110 8
111 8
112 8
113 8
114 8
115 8
116 8
117 8
118 8
119 8
120 8
121 8
122 8
123 8
124 8
125 8
126 8
127 8
128 8
129 8
130 9
131 9
132 9
133 9
134 9
135 9
136 9
137 9
138 9
139 9
140 9
141 9
142 9
143 9
144 9
145 9
146 9
147 9
148 9
149 9
150 9
151 9
152 9
153 9
154 9
155 9
156 9
157 9
158 9
159 10
160 9
161 9
162 10
163 10
164 10
165 10
166 10
167 10
168 10
169 10
170 10
171 10
172 10
173 10
174 10
175 10
176 10
177 10
178 10
179 10
180 10
181 10
182 10
183 10
184 10
185 10
186 10
187 10
188 10
189 10
190 10
191 10
192 10
193 10
194 10
195 10
196 10
197 11
198 11
199 11
200 11
201 11
202 11
203 11
204 11
205 11
206 11
207 11
208 11
209 11
210 11
211 11
212 11
213 11
214 11
215 11
216 11
217 11
218 11
219 11
220 11
221 11
222 11
223 11
224 11
225 12
226 12
227 12
228 12
229 12
230 12
231 12
232 12
233 12
234 12
235 12
236 12
237 12
238 12
239 12
240 12
241 12
242 12
243 12
244 12
245 12
246 12
247 12
248 12
248 11
249 11
248 10
247 10
246 10
246 9
245 9
245 8
244 8
244 7
243 7
242 7
242 6
241 6
241 5
240 5
240 4
239 4
239 3
238 3
238 2
239 1
contour 3 size 93
4 49
5 49
5 50
4 51
4 52
4 53
4 54
4 55
4 56
4 57
4 58
4 59
4 60
4 61
4 62
4 63
4 64
4 65
4 66
4 67
4 68
4 69
4 70
4 71
4 72
5 72
5 73
5 74
5 75
5 76
6 76
6 77
7 78
7 79
8 79
8 80
9 80
9 81
10 81
10 82
11 82
11 83
12 84
12 85
13 85
13 86
14 87
15 87
15 88
15 89
16 89
16 90
17 91
17 92
16 92
16 93
16 94
16 95
16 96
16 97
16 98
16 99
17 100
18 100
18 101
19 100
19 99
18 98
18 97
19 97
18 96
18 95
19 94
20 94
21 94
21 95
21 96
22 97
23 97
23 98
22 99
22 100
23 101
23 102
24 103
24 104
24 105
25 105
25 106
26 106
27 106
28 106
29 106
contour 4 size 20
4 254
5 254
6 254
7 254
8 254
9 254
10 254
11 254
12 254
13 254
14 254
15 254
16 254
17 254
18 254
19 254
20 254
21 254
22 254
23 254
contour 5 size 138
6 49
7 49
8 49
9 49
10 49
11 49
12 49
13 49
14 49
15 49
16 49
17 49
18 49
19 49
20 49
21 49
22 49
23 49
24 49
25 49
26 49
27 49
28 49
29 49
30 49
31 49
32 49
33 49
34 49
35 49
36 49
37 49
38 49
39 49
40 49
41 49
42 49
43 49
44 49
45 49
46 49
47 49
48 49
49 49
50 49
51 49
52 49
53 49
54 49
55 49
56 49
57 49
58 49
59 49
60 49
61 49
62 49
63 49
64 49
65 49
66 49
67 49
68 49
69 49
70 49
71 49
72 49
73 49
74 49
75 49
76 49
77 49
78 49
79 49
80 49
81 49
82 49
83 49
84 49
85 49
86 49
87 49
88 49
89 49
90 49
91 49
92 49
93 49
94 49
95 49
96 49
97 49
98 49
99 49
100 49
101 49
101 50
102 50
102 51
103 51
104 51
105 51
106 51
107 51
108 50
109 50
110 51
111 51
112 51
112 52
111 53
112 54
112 55
113 55
114 56
115 56
116 55
117 55
118 55
119 55
120 55
121 54
122 54
123 54
124 54
125 54
126 53
127 53
128 53
129 53
130 52
131 53
132 53
132 54
133 54
134 53
135 53
135 54
contour 6 size 60
8 154
8 155
8 156
8 157
9 157
9 158
9 159
9 160
9 161
9 162
10 163
10 164
10 165
10 166
10 167
11 167
11 168
11 169
11 170
11 171
12 171
12 172
12 173
12 174
12 175
12 176
13 176
13 177
13 178
14 179
14 180
14 181
14 182
15 183
15 184
15 185
14 186
14 187
14 188
14 189
13 190
13 191
13 192
12 193
12 194
12 195
12 196
12 197
11 197
11 198
11 199
11 200
10 201
10 202
10 203
10 204
10 205
10 206
10 207
9 207
contour 7 size 116
16 102
16 103
16 104
15 104
15 105
15 106
14 106
14 107
14 108
13 108
13 109
13 110
13 111
13 112
12 113
12 114
12 115
12 116
12 117
12 118
12 119
12 120
13 121
13 122
13 123
14 123
14 124
14 125
15 125
15 126
15 127
16 127
16 128
17 128
17 129
18 130
18 131
19 131
19 132
20 132
20 133
20 134
21 134
21 135
22 135
22 136
23 136
23 137
24 137
25 137
25 138
26 138
26 139
27 139
27 140
28 140
28 141
28 142
28 143
28 144
28 145
28 146
28 147
28 148
28 149
28 150
28 151
28 152
28 153
28 154
28 155
28 156
28 157
28 158
28 159
28 160
28 161
29 161
29 162
29 163
29 164
29 165
29 166
30 167
30 168
30 169
30 170
31 170
31 171
31 172
31 173
31 174
31 175
31 176
31 177
32 178
32 179
32 180
32 181
32 182
32 183
32 184
32 185
32 186
32 187
32 188
32 189
32 190
32 191
31 192
31 193
31 194
31 195
31 196
31 197
31 198
contour 8 size 31
17 242
18 242
18 243
19 243
19 244
20 244
21 244
21 243
21 242
21 241
20 241
20 240
19 239
19 240
18 240
17 240
17 241
16 241
15 242
15 243
15 244
15 245
15 246
14 246
14 247
14 248
13 249
13 250
13 251
13 252
13 253
contour 9 size 21
21 93
22 93
23 93
23 94
24 95
24 96
25 96
25 97
25 98
25 99
25 100
25 101
26 101
26 102
26 103
27 102
28 102
28 101
28 100
27 99
26 99
contour 10 size 70
23 238
24 238
25 237
26 237
27 237
28 237
29 237
30 237
30 236
31 236
32 236
33 237
34 237
34 238
34 239
34 240
35 241
35 242
34 243
34 244
33 244
32 244
31 244
30 244
30 245
29 244
28 244
27 244
27 245
27 246
27 247
28 247
29 248
30 248
31 248
32 248
33 248
34 248
35 248
36 248
37 248
38 249
39 249
39 250
39 251
39 252
40 252
41 252
42 252
42 253
43 253
44 253
44 254
45 254
46 254
47 254
48 254
49 254
50 254
51 254
52 254
53 254
54 254
55 254
56 254
57 254
58 254
59 254
60 254
61 254
contour 11 size 39
31 203
30 202
30 203
29 203
29 204
29 205
29 206
29 207
29 208
29 209
28 209
28 210
28 211
28 212
28 213
28 214
28 215
29 215
30 215
30 216
30 217
30 218
30 219
30 220
30 221
30 222
30 223
30 224
30 225
30 226
30 227
30 228
30 229
30 230
30 231
30 232
31 233
31 234
31 235
contour 12 size 21
29 139
30 140
30 141
30 142
30 143
30 144
30 145
30 146
30 147
30 148
30 149
30 150
30 151
30 152
30 153
30 154
30 155
30 156
30 157
30 158
29 157
contour 13 size 292
31 106
31 107
31 108
32 108
32 109
32 110
33 110
33 111
33 112
34 112
34 113
34 114
35 114
35 115
36 115
36 116
36 117
37 117
37 118
38 118
38 119
39 119
39 120
40 120
40 121
41 121
41 122
42 122
42 123
43 123
43 124
44 124
44 125
45 125
45 126
46 126
47 126
47 127
48 127
48 128
49 128
50 128
50 129
51 129
52 129
52 130
53 130
54 130
54 131
55 131
56 131
57 132
58 132
59 132
60 133
61 133
62 133
63 134
64 134
65 134
66 134
67 134
68 134
69 135
70 135
71 135
72 135
73 135
74 135
75 135
76 135
77 134
78 134
79 135
80 134
81 134
82 134
83 134
84 134
85 134
86 134
87 133
88 133
89 132
90 132
91 131
92 131
92 130
93 130
94 130
95 130
95 129
96 129
96 128
97 128
98 128
98 127
99 127
99 126
100 126
100 125
101 125
101 124
102 124
102 123
103 123
103 122
104 122
104 121
105 121
105 120
105 119
106 119
106 118
107 118
107 117
107 116
108 116
108 115
108 114
108 113
109 113
109 112
109 111
109 110
109 109
109 108
110 107
111 106
111 105
111 104
111 103
112 102
112 101
112 100
111 99
111 98
111 97
111 96
111 95
112 94
112 93
111 92
111 91
111 90
110 89
110 88
110 87
110 86
109 85
109 84
108 84
108 83
108 82
107 81
107 80
106 80
106 79
105 79
105 78
105 77
104 77
104 76
103 76
103 75
103 74
102 74
102 73
101 73
101 72
100 72
99 72
98 71
97 70
96 69
95 69
95 68
94 68
93 67
92 67
92 66
91 66
90 65
89 65
88 65
88 64
87 64
86 64
85 63
84 63
83 62
82 62
81 62
80 61
79 61
78 61
77 61
76 60
75 60
74 60
73 60
72 60
71 60
70 60
69 60
68 59
67 59
66 59
65 59
64 59
63 60
62 60
61 60
60 60
59 60
58 60
57 60
56 60
56 61
55 61
54 61
53 61
53 62
52 62
51 62
50 63
49 63
48 63
48 64
47 64
46 64
46 65
45 65
44 65
44 66
43 66
43 67
42 67
42 68
41 68
40 68
40 69
39 69
39 70
38 70
38 71
38 72
37 72
37 73
36 73
36 74
35 74
35 75
35 76
34 76
34 77
33 77
33 78
33 79
32 79
32 80
32 81
31 81
31 82
31 83
30 84
30 85
30 86
30 87
30 88
30 89
31 90
31 91
31 92
31 93
31 94
31 95
32 96
33 95
33 94
33 93
33 92
34 92
35 91
35 90
36 90
37 89
37 88
37 87
38 86
38 85
37 84
contour 14 size 22
32 104
33 103
34 103
34 104
35 104
36 104
36 103
37 103
37 102
38 102
39 101
39 100
39 99
40 99
40 98
40 97
39 96
39 95
38 94
37 93
36 93
36 92
contour 15 size 87
32 146
32 147
32 148
32 149
32 150
32 151
32 152
32 153
32 154
32 155
32 156
32 157
32 158
32 159
32 160
33 161
33 162
33 163
33 164
33 165
33 166
33 167
33 168
33 169
34 170
34 171
34 172
34 173
34 174
35 175
35 176
35 177
35 178
35 179
35 180
35 181
35 182
35 183
35 184
35 185
35 186
35 187
35 188
35 189
35 190
35 191
35 192
35 193
35 194
34 195
34 196
34 197
34 198
34 199
34 200
33 201
33 202
33 203
33 204
33 205
33 206
32 207
32 208
32 209
32 210
32 211
32 212
32 213
32 214
32 215
32 216
32 217
32 218
32 219
32 220
32 221
32 222
32 223
32 224
32 225
32 226
33 227
33 228
33 229
33 230
33 231
33 232
contour 16 size 118
33 71
33 72
34 71
34 70
35 70
35 69
36 68
37 67
38 66
39 66
39 65
40 65
41 64
42 64
42 63
43 63
43 62
44 62
45 62
45 61
46 61
47 61
47 60
48 60
49 60
49 59
50 59
51 59
51 58
52 58
53 58
54 57
55 57
56 57
57 56
58 56
59 56
60 55
61 55
62 55
63 55
64 54
65 54
66 54
67 54
68 54
69 54
70 54
71 54
72 54
73 54
74 54
75 53
76 53
77 53
78 53
79 53
80 53
81 53
82 52
83 53
84 53
85 52
86 52
87 53
88 53
89 53
90 53
91 53
92 53
93 53
94 53
95 53
96 54
97 54
98 54
99 54
100 54
101 55
102 54
103 54
104 54
104 55
105 55
106 55
107 56
108 57
109 57
110 57
110 58
111 58
112 58
113 58
113 59
114 59
115 59
115 60
116 61
116 62
117 62
118 62
118 63
119 63
119 64
120 64
120 65
121 65
121 66
122 66
123 66
123 67
124 67
124 68
125 68
125 69
126 69
126 70
127 71
contour 17 size 94
37 137
37 138
36 139
35 140
35 141
35 142
35 143
35 144
35 145
35 146
35 147
35 148
34 149
34 150
35 151
35 152
35 153
35 154
35 155
35 156
35 157
35 158
35 159
35 160
35 161
35 162
35 163
35 164
35 165
36 165
36 166
36 167
36 168
36 169
36 170
37 170
38 170
39 170
40 170
41 170
42 170
43 170
44 170
45 170
46 170
47 170
48 170
49 170
50 170
51 170
52 170
53 170
54 170
55 170
56 170
57 170
58 170
59 170
60 171
61 171
62 171
63 171
64 171
65 171
66 171
67 171
68 171
69 171
70 171
71 171
72 171
73 171
74 171
75 171
76 171
77 171
78 171
79 171
80 171
81 171
82 171
83 171
84 171
85 171
86 171
87 171
88 171
89 171
90 171
91 171
92 171
93 171
94 171
95 171
contour 18 size 45
38 197
37 196
37 197
36 197
36 198
36 199
36 200
36 201
36 202
35 202
35 203
35 204
35 205
35 206
35 207
35 208
35 209
35 210
35 211
34 211
34 212
34 213
34 214
34 215
34 216
34 217
35 218
35 219
35 220
35 221
35 222
35 223
35 224
35 225
35 226
35 227
35 228
35 229
36 230
36 231
36 232
37 232
37 233
38 233
39 233
contour 19 size 52
34 236
35 236
36 235
37 235
38 235
39 235
40 235
41 235
42 235
43 236
44 235
45 235
46 235
47 235
48 235
49 235
50 235
51 235
52 236
53 236
54 236
55 236
56 236
57 236
58 236
59 236
60 236
61 236
62 236
63 236
64 236
65 236
66 236
67 236
68 236
69 236
70 236
71 236
72 236
73 236
74 236
75 236
76 237
77 236
78 236
79 236
79 235
80 235
81 235
81 236
81 237
82 237
contour 20 size 29
35 214
36 214
37 213
38 212
38 211
39 211
40 211
40 212
40 213
40 214
39 214
39 215
39 216
39 217
38 217
38 218
38 219
38 220
38 221
38 222
38 223
39 224
39 225
39 226
39 227
39 228
39 229
39 230
39 231
contour 21 size 91
36 80
36 81
37 80
37 79
38 78
38 77
39 77
39 76
40 76
40 75
41 74
42 73
43 73
43 72
44 72
44 71
45 71
45 70
46 70
47 70
47 69
48 69
49 69
50 69
50 68
51 68
52 68
52 67
53 67
54 67
55 67
56 66
57 66
58 66
59 66
60 65
61 65
62 65
63 65
64 65
65 65
66 65
67 65
68 65
69 65
70 66
71 66
72 66
73 66
74 66
75 66
76 67
77 67
78 67
79 68
80 68
81 68
82 69
83 69
83 70
84 70
85 70
85 71
86 71
86 72
87 72
88 72
88 73
89 73
89 74
90 74
90 75
91 75
91 76
92 76
92 77
93 77
93 78
93 79
93 80
92 80
91 80
90 80
89 80
88 79
87 79
87 78
87 77
87 76
88 76
89 76
contour 22 size 16
36 243
36 244
37 243
38 244
39 244
40 243
41 243
42 243
43 243
44 243
45 243
46 243
47 243
48 243
49 243
50 243
contour 23 size 27
37 105
37 106
37 107
38 107
38 108
38 109
39 109
39 110
40 110
40 111
40 112
41 112
41 113
42 113
42 114
43 114
43 115
44 115
44 116
45 116
45 117
46 117
46 118
47 119
48 119
49 120
50 121
contour 24 size 20
52 172
51 172
50 172
49 172
48 172
47 172
46 172
45 172
44 172
43 172
42 172
41 172
40 172
39 172
38 172
37 172
37 173
37 174
37 175
38 175
contour 25 size 16
38 179
38 180
38 181
38 182
38 183
38 184
38 185
38 186
37 187
37 188
37 189
37 190
37 191
38 191
38 192
39 191
contour 26 size 16
37 199
38 199
39 199
40 199
41 199
42 199
43 199
44 199
45 199
46 199
47 199
48 199
49 199
50 199
51 199
52 199
contour 27 size 59
37 201
38 201
39 201
40 201
41 201
42 201
43 201
44 201
45 201
46 201
47 201
48 201
49 201
50 201
51 201
52 201
53 201
54 201
55 201
56 201
57 201
58 201
59 201
60 201
61 201
62 201
63 201
64 201
65 200
66 200
67 200
68 200
69 200
70 200
71 200
72 200
73 200
74 200
75 200
76 200
77 200
78 200
79 200
80 200
81 200
82 200
83 200
84 200
85 200
86 200
87 200
88 200
89 200
90 200
91 200
92 200
93 200
94 200
95 200
contour 28 size 69
38 141
39 141
39 142
39 143
39 144
39 145
39 146
39 147
39 148
39 149
38 150
38 151
38 152
38 153
38 154
38 155
38 156
39 156
39 157
39 158
39 159
39 160
40 160
40 161
41 161
41 162
42 163
42 164
43 164
44 164
45 164
46 164
47 163
48 163
49 163
50 163
51 163
52 163
53 163
54 163
55 163
56 162
57 162
58 163
59 163
60 163
61 163
62 163
63 163
64 163
65 163
66 164
66 165
65 165
65 166
64 166
63 166
62 166
61 166
60 166
59 166
58 166
57 166
56 166
55 166
54 166
53 166
52 166
51 166
contour 29 size 19
39 114
40 115
41 116
41 117
42 117
42 118
43 119
44 119
44 120
45 120
46 121
47 121
47 122
48 122
49 123
50 124
51 124
52 125
53 125
contour 30 size 168
88 177
88 178
88 179
88 180
88 181
87 181
86 181
85 181
84 181
83 181
82 181
81 181
80 181
79 181
78 181
77 181
77 182
77 183
77 184
77 185
77 186
77 187
77 188
77 189
77 190
77 191
77 192
77 193
77 194
77 195
77 196
77 197
78 197
79 197
80 197
81 197
82 197
83 197
84 197
85 197
86 197
87 197
88 197
89 197
90 197
91 197
92 197
93 197
93 196
94 195
93 194
93 193
93 192
93 191
93 190
93 189
94 188
94 187
94 186
94 185
94 184
94 183
94 182
94 181
94 180
94 179
94 178
94 177
93 176
92 176
91 176
90 176
89 176
88 176
87 176
86 176
85 176
84 176
83 176
82 176
81 176
80 176
79 176
78 176
77 176
76 176
75 176
74 176
73 176
72 176
71 176
70 176
69 176
68 176
67 175
66 175
65 175
64 176
63 176
62 175
61 175
60 175
59 175
58 175
57 175
56 175
55 175
54 175
53 175
52 175
51 175
50 175
49 175
48 175
47 175
46 175
45 175
44 175
43 175
42 175
41 175
40 175
40 176
40 177
40 178
41 178
41 179
41 180
41 181
41 182
41 183
41 184
41 185
41 186
41 187
41 188
42 188
42 189
42 190
42 191
41 191
41 192
41 193
40 194
40 195
40 196
41 196
42 197
43 196
44 196
45 197
46 196
46 195
46 194
46 193
46 192
46 191
47 191
48 192
49 192
50 192
51 192
52 192
53 192
54 192
55 192
56 192
57 192
contour 31 size 41
74 210
74 209
74 208
73 208
72 207
71 207
70 207
69 207
68 206
67 206
66 206
65 205
64 205
63 205
62 206
61 206
60 206
59 206
58 206
57 206
56 206
55 206
54 206
53 206
52 206
51 206
50 206
49 206
48 206
47 206
46 206
45 205
44 205
43 205
42 205
41 205
41 206
40 207
41 208
42 208
43 208
contour 32 size 16
41 102
42 103
42 104
42 105
42 106
43 106
43 107
43 108
44 108
44 109
45 109
45 110
45 111
45 112
45 113
44 113
contour 33 size 24
41 211
42 211
43 211
44 211
45 211
46 211
47 211
48 211
49 211
50 211
51 211
52 212
53 212
54 212
55 212
56 212
57 212
58 212
59 212
60 212
61 213
62 213
63 214
64 214
contour 34 size 25
58 221
57 221
56 221
55 221
54 221
53 221
52 221
51 221
50 221
49 221
48 221
47 221
46 220
45 220
44 220
43 220
42 220
41 220
41 221
41 222
41 223
41 224
41 225
41 226
41 227
contour 35 size 55
48 73
47 73
46 73
46 74
45 74
45 75
44 76
43 77
42 77
42 78
42 79
43 79
44 79
45 79
46 79
47 79
48 79
49 79
50 79
51 79
52 79
53 79
54 79
55 79
56 79
57 79
58 79
59 79
60 79
61 79
62 79
63 79
64 79
65 79
66 79
67 79
68 79
69 79
70 79
71 79
72 79
73 79
74 79
75 79
76 79
77 79
78 79
79 79
80 79
81 79
82 79
83 80
84 80
85 80
86 79
contour 36 size 73
94 78
95 79
96 80
96 81
97 82
98 83
97 84
98 85
98 86
98 87
97 87
96 87
95 87
94 87
93 87
92 87
91 87
90 87
89 87
88 87
87 87
86 87
85 87
84 87
83 87
82 87
81 87
80 87
79 87
78 87
77 87
76 87
75 87
74 87
73 87
72 87
71 87
70 87
69 87
68 87
67 87
66 87
65 87
64 87
63 87
62 87
61 87
60 87
59 87
58 87
57 87
56 87
55 87
54 87
53 87
52 87
51 87
50 87
49 87
48 87
47 88
46 88
46 89
46 90
45 90
45 91
44 91
44 92
44 93
43 93
43 94
42 95
42 96
contour 37 size 38
43 231
44 231
45 231
46 231
47 231
48 231
49 230
50 230
51 230
52 230
53 231
54 231
55 231
56 231
57 231
58 231
59 231
60 231
61 231
62 231
63 231
64 231
65 231
66 231
67 231
68 231
69 231
70 231
71 231
72 231
73 231
74 231
75 231
76 231
77 231
78 231
79 231
80 231
contour 38 size 44
53 241
53 242
53 243
53 244
52 244
52 245
51 245
51 246
50 246
49 246
48 247
47 247
47 248
46 248
46 249
45 249
44 249
43 248
43 249
43 250
43 251
44 251
45 251
46 251
47 251
48 251
49 251
50 251
51 251
52 251
53 251
54 251
55 252
56 252
57 252
58 252
59 252
60 252
61 252
62 252
63 252
64 252
65 253
66 253
contour 39 size 164
44 155
45 155
46 156
47 156
48 156
49 156
50 156
51 156
52 156
53 157
54 156
55 157
56 157
57 158
58 158
59 158
60 158
61 157
62 157
63 156
64 156
65 157
66 157
66 158
67 158
68 158
69 158
70 158
71 158
72 158
73 158
74 159
75 158
76 159
77 159
78 158
79 159
80 159
81 159
82 158
83 158
84 157
85 157
86 157
87 157
88 157
89 157
90 157
91 157
92 157
92 156
92 155
92 154
92 153
92 152
92 151
92 150
91 149
91 148
92 148
92 147
92 146
92 145
93 145
94 145
94 146
94 147
94 148
94 149
94 150
94 151
94 152
94 153
95 154
95 155
94 156
94 157
94 158
95 158
95 159
94 160
95 161
94 162
95 163
95 164
95 165
95 166
95 167
95 168
95 169
96 169
97 170
98 170
98 171
97 172
98 173
98 174
98 175
98 176
98 177
98 178
98 179
98 180
98 181
98 182
98 183
98 184
98 185
98 186
98 187
98 188
98 189
98 190
98 191
97 192
97 193
98 194
97 195
97 196
97 197
97 198
97 199
97 200
97 201
97 202
97 203
97 204
98 205
98 206
98 207
98 208
98 209
98 210
98 211
98 212
98 213
98 214
98 215
98 216
98 217
98 218
98 219
97 220
97 221
97 222
97 223
97 224
97 225
97 226
97 227
98 227
99 227
100 227
101 227
102 228
103 228
104 228
105 228
106 228
107 228
108 228
108 229
109 229
110 229
contour 40 size 39
71 178
70 178
69 178
68 178
67 178
66 178
65 178
64 178
63 178
62 178
61 178
60 178
59 178
58 178
57 178
56 177
56 178
55 178
54 178
53 178
52 178
51 178
50 178
49 178
48 178
47 178
46 177
46 178
45 178
44 177
44 178
44 179
44 180
44 181
44 182
44 183
44 184
44 185
44 186
contour 41 size 42
76 184
75 184
75 183
75 182
76 181
75 181
74 181
73 181
72 181
71 181
70 181
69 180
68 180
67 180
66 180
65 180
64 180
63 180
62 180
61 180
60 180
59 180
58 180
57 180
56 180
55 180
54 180
53 180
52 180
51 180
50 180
49 180
48 180
47 180
46 179
46 180
46 181
46 182
47 183
47 184
47 185
47 186
contour 42 size 41
47 115
47 116
48 115
49 115
49 116
50 117
51 117
52 117
53 117
54 117
55 117
56 117
57 117
58 117
59 117
60 118
60 119
60 120
61 120
62 120
63 120
64 120
65 120
66 120
67 120
68 120
69 120
70 121
71 121
72 121
73 121
74 121
75 121
76 121
76 122
77 122
78 122
79 122
80 121
81 121
82 121
contour 43 size 30
47 197
48 197
49 197
50 197
51 197
52 197
53 197
54 197
55 197
56 197
57 197
58 197
59 197
60 197
61 197
62 197
63 197
64 197
65 197
66 197
67 197
68 197
69 197
70 197
71 197
72 197
73 197
74 197
75 197
76 197
contour 44 size 102
48 66
49 66
50 65
51 65
52 64
53 64
54 64
55 63
56 63
57 63
58 62
59 62
60 62
61 62
62 62
63 62
64 62
65 62
66 62
67 62
68 62
69 62
70 62
71 62
72 63
73 63
74 63
75 63
76 63
77 63
78 64
79 64
80 64
81 64
82 65
83 65
84 65
84 66
85 66
86 66
87 67
88 67
89 67
89 68
90 68
90 69
91 69
92 69
92 70
93 70
93 71
94 71
95 72
96 72
96 73
97 73
97 74
98 74
98 75
99 75
99 76
100 76
100 77
101 77
101 78
101 79
102 79
102 80
103 80
103 81
103 82
104 82
104 83
105 83
105 84
105 85
106 86
106 87
107 88
107 89
107 90
107 91
107 92
108 93
108 94
108 95
108 96
108 97
108 98
108 99
108 100
108 101
108 102
108 103
108 104
107 104
107 105
107 106
107 107
106 108
106 109
106 110
contour 45 size 21
49 184
50 184
51 184
52 184
53 184
54 184
55 184
56 184
57 184
57 185
57 186
57 187
57 188
57 189
57 190
56 189
55 188
54 188
53 188
52 188
51 188
contour 46 size 55
52 122
53 122
54 122
54 123
55 123
56 123
57 124
58 124
59 124
60 124
61 125
62 125
63 125
64 125
65 126
66 126
67 126
68 126
69 126
70 126
71 126
72 126
73 126
74 126
75 126
76 125
77 125
78 125
79 125
80 124
81 124
82 124
83 125
83 126
82 126
81 126
80 127
79 127
78 127
77 127
76 128
75 128
74 128
73 128
72 128
71 128
70 128
69 128
68 128
67 128
66 128
65 128
64 128
63 128
62 128
contour 47 size 23
52 249
53 248
54 248
54 247
55 247
55 246
56 246
57 246
58 246
59 246
60 246
61 247
62 247
63 246
64 246
65 247
66 247
67 247
67 248
66 249
67 250
67 251
66 251
contour 48 size 40
56 173
57 173
58 173
59 173
60 173
61 173
62 173
63 173
64 173
65 173
66 173
67 173
68 173
69 173
70 173
71 173
72 173
73 173
74 173
75 173
76 173
77 173
78 173
79 173
80 173
81 173
82 173
83 173
84 173
85 173
86 173
87 173
88 173
89 173
90 173
91 173
92 173
93 173
94 173
95 174
contour 49 size 32
57 243
58 243
59 243
60 243
61 243
62 242
63 242
64 242
65 242
66 242
67 241
68 241
69 241
70 241
71 241
72 241
73 241
74 241
75 242
76 242
76 243
77 243
78 243
79 243
80 243
81 243
82 242
83 242
84 242
85 242
86 242
87 242
contour 50 size 29
59 181
59 182
59 183
59 184
59 185
59 186
59 187
59 188
59 189
59 190
59 191
59 192
59 193
59 194
59 195
60 194
61 194
62 194
63 194
64 194
65 194
66 194
67 194
68 194
69 194
70 194
71 194
72 194
73 194
contour 51 size 31
60 192
61 192
62 192
63 192
64 192
65 192
66 192
67 192
68 192
69 192
70 192
71 192
72 192
73 192
74 192
75 192
76 192
75 191
75 190
75 189
75 188
75 187
74 187
73 186
72 186
71 186
71 185
71 184
72 184
73 184
74 184
contour 52 size 17
60 221
61 222
62 223
63 223
64 223
65 222
66 222
67 222
68 222
69 222
70 222
71 222
72 222
73 222
74 222
75 222
76 222
contour 53 size 34
92 116
91 115
90 116
89 116
88 116
87 116
86 116
85 116
84 116
83 116
82 116
81 116
80 115
79 115
78 115
77 115
76 115
75 115
74 115
73 115
72 115
71 115
70 115
69 116
68 116
67 116
67 115
66 115
65 115
64 115
63 116
62 116
61 117
61 118
contour 54 size 19
63 69
64 69
64 70
65 70
66 70
67 70
68 70
69 70
70 70
71 70
72 70
73 70
73 71
74 71
75 71
76 71
77 71
78 71
79 71
contour 55 size 30
66 202
67 202
68 202
69 202
70 202
71 202
72 202
73 202
74 202
75 202
76 202
77 202
78 202
79 202
80 202
81 202
82 202
83 202
84 202
85 202
86 202
87 202
88 202
89 202
90 202
91 202
92 202
93 202
94 202
95 202
contour 56 size 24
67 155
68 154
69 155
70 155
71 155
72 154
73 154
74 154
75 154
76 154
77 154
78 154
79 154
80 154
81 154
82 154
83 154
84 155
85 154
86 154
87 154
88 154
89 154
90 154
contour 57 size 28
67 164
68 164
69 164
70 164
71 164
72 165
73 165
74 165
75 165
76 165
76 166
77 165
78 166
79 166
80 166
81 166
82 166
83 166
84 167
85 167
86 167
87 167
88 167
89 167
90 167
91 167
92 167
93 166
contour 58 size 80
70 131
71 130
72 130
73 130
74 130
75 130
76 130
77 130
78 130
79 129
80 129
81 129
82 129
83 128
84 128
85 127
86 127
87 127
88 126
89 126
89 125
90 125
91 125
91 124
92 124
92 123
93 123
93 122
94 122
95 122
95 121
96 121
96 120
97 120
97 119
98 119
98 118
98 117
99 117
99 116
100 116
100 115
101 114
101 113
102 112
102 111
102 110
103 109
103 108
103 107
104 106
104 105
104 104
104 103
104 102
104 101
104 100
104 99
104 98
104 97
104 96
104 95
104 94
104 93
104 92
103 91
103 90
102 89
102 88
102 87
101 86
101 85
100 85
100 84
100 83
99 82
99 81
98 80
98 79
99 78
contour 59 size 22
70 217
71 217
71 218
71 219
72 219
73 219
73 220
74 219
75 219
76 219
77 219
77 220
78 221
78 222
78 223
79 223
80 223
81 224
81 225
81 226
82 226
82 227
contour 60 size 39
71 142
72 142
73 142
74 142
75 142
76 142
77 142
78 142
79 142
80 142
81 142
82 142
83 142
84 142
85 142
86 142
87 142
88 142
89 142
90 142
91 142
92 143
92 144
91 145
90 145
89 144
88 145
87 144
86 144
85 144
84 144
83 144
82 144
81 144
80 144
79 144
78 144
77 144
76 144
contour 61 size 16
72 214
73 214
74 214
74 213
75 213
75 212
76 211
77 210
78 210
79 210
79 211
79 212
78 212
78 213
77 214
76 215
contour 62 size 20
73 57
74 57
75 57
76 57
77 57
78 57
79 58
80 58
81 58
82 59
83 59
84 59
85 60
86 60
87 60
88 61
89 61
90 62
91 62
92 63
contour 63 size 21
75 207
76 207
76 206
77 206
78 206
79 206
80 206
81 206
82 206
83 206
84 206
85 206
86 206
87 206
88 206
89 207
90 206
91 207
92 206
93 206
93 207
contour 64 size 24
75 249
76 250
77 250
78 250
79 250
80 250
81 250
82 250
83 250
84 250
85 250
86 250
87 251
88 251
89 251
90 251
91 252
92 252
93 252
94 252
95 252
96 253
96 254
95 254
contour 65 size 65
79 55
80 55
81 56
82 56
83 56
84 56
84 57
85 57
86 57
86 58
87 58
88 58
89 58
89 59
90 59
91 59
91 60
92 60
93 60
93 61
94 61
94 62
95 62
96 62
96 63
97 63
97 64
98 64
98 65
99 65
100 65
100 66
101 66
101 67
102 67
102 68
103 68
103 69
104 69
104 70
105 70
105 71
106 71
106 72
106 73
107 73
107 74
108 74
108 75
109 76
109 77
110 77
110 78
110 79
111 79
111 80
112 81
112 82
112 83
113 84
113 85
113 86
114 87
114 88
114 89
contour 66 size 25
80 220
81 221
82 220
83 220
84 220
85 221
85 222
86 222
87 222
88 222
89 222
90 222
90 223
91 223
91 224
91 225
91 226
91 227
91 228
92 228
93 227
94 227
94 228
95 227
96 227
contour 67 size 16
82 131
83 131
84 131
85 130
86 130
87 130
88 129
89 129
90 128
91 128
92 128
93 127
94 126
95 126
96 125
97 124
contour 68 size 19
84 125
85 125
85 124
86 124
87 123
88 123
89 122
90 121
91 121
91 120
92 120
93 119
93 118
94 118
95 117
96 116
96 115
97 114
98 113
contour 69 size 92
84 247
85 247
86 248
87 248
88 247
89 247
90 247
91 246
92 246
93 246
94 246
95 246
96 246
97 246
98 246
99 246
100 245
101 245
102 245
103 246
104 246
105 245
105 244
106 243
106 242
107 242
108 241
109 241
109 240
109 239
110 239
110 238
111 238
111 237
112 236
112 235
112 234
111 234
110 234
110 233
109 233
108 233
107 233
106 233
105 233
104 233
103 233
102 233
101 233
100 234
99 234
98 234
98 233
97 233
97 232
96 232
96 231
95 231
94 230
93 230
92 230
91 230
90 230
89 230
88 230
87 231
86 231
85 231
85 232
85 233
84 233
84 234
84 235
84 236
85 236
86 236
87 236
87 235
87 234
87 233
88 233
89 233
89 234
90 234
90 235
91 235
91 236
92 236
93 237
94 237
95 236
96 236
contour 70 size 27
86 244
87 244
87 245
88 244
89 244
90 244
91 243
92 243
93 243
94 242
95 242
96 242
97 242
98 241
99 241
100 240
101 240
102 240
102 241
103 241
103 240
104 240
104 239
105 239
106 239
107 239
108 238
contour 71 size 23
94 97
93 98
92 99
91 98
90 99
90 100
90 101
91 101
92 101
92 102
92 103
92 104
92 105
92 106
92 107
93 107
94 107
94 106
95 106
96 107
96 108
97 108
98 108
contour 72 size 40
90 135
91 135
92 134
93 134
94 134
95 134
96 134
97 134
98 134
99 134
100 134
101 133
102 133
103 133
104 133
105 132
106 132
107 132
107 131
108 131
109 131
110 131
110 130
111 130
112 130
113 130
113 129
114 129
114 128
115 128
116 128
116 127
117 127
117 126
118 126
119 126
119 125
120 125
120 124
121 124
contour 73 size 19
90 177
90 178
90 179
90 180
90 181
90 182
90 183
90 184
90 185
90 186
90 187
90 188
90 189
90 190
90 191
90 192
90 193
90 194
90 195
contour 74 size 19
93 226
93 225
94 224
94 223
94 222
94 221
94 220
94 219
94 218
94 217
94 216
94 215
94 214
94 213
93 212
93 211
92 211
91 212
91 213
contour 75 size 33
102 98
101 97
101 96
100 95
100 96
99 96
98 96
97 96
97 97
97 98
97 99
96 99
95 100
94 100
93 100
93 101
94 102
95 103
96 104
97 104
98 104
99 105
100 105
100 104
100 103
100 102
100 101
100 100
99 101
98 101
97 101
97 102
96 102
contour 76 size 75
124 119
124 120
123 121
122 121
122 122
123 123
123 124
123 125
123 126
123 127
123 128
123 129
122 130
122 131
122 132
122 133
122 134
121 134
120 135
119 134
118 134
117 134
116 134
115 134
114 134
113 133
112 133
111 133
110 134
110 135
110 136
110 137
110 138
110 139
109 139
108 140
107 139
106 139
105 139
104 139
103 139
102 139
101 140
100 139
99 140
98 140
98 141
98 142
98 143
98 144
98 145
98 146
98 147
98 148
98 149
98 150
98 151
98 152
98 153
98 154
98 155
98 156
98 157
98 158
98 159
98 160
98 161
98 162
98 163
98 164
98 165
98 166
98 167
98 168
98 169
contour 77 size 129
101 178
101 179
101 180
101 181
101 182
102 183
102 184
101 185
101 186
101 187
102 186
103 186
104 186
105 186
106 185
107 185
107 186
108 186
109 186
110 187
111 186
112 186
113 186
114 186
114 187
114 188
114 189
114 190
114 191
115 191
115 192
115 193
116 193
116 194
117 194
118 194
118 195
119 196
119 197
119 198
118 198
118 199
118 200
117 201
117 202
117 203
116 204
116 205
116 206
116 207
116 208
117 208
117 209
117 210
118 210
118 211
119 212
119 213
119 214
120 214
120 215
121 215
121 216
122 216
122 217
123 217
123 218
124 218
125 218
125 219
125 220
125 221
125 222
126 222
127 223
128 223
128 222
129 222
128 221
128 220
128 219
129 219
130 219
130 220
131 221
131 222
131 223
131 224
131 225
131 226
131 227
131 228
131 229
131 230
131 231
131 232
131 233
131 234
131 235
131 236
130 236
129 236
128 237
127 237
126 237
126 238
125 238
124 238
123 239
122 238
121 238
120 238
120 237
120 236
119 235
119 234
118 234
117 234
116 234
115 234
115 235
114 235
114 236
115 237
116 237
117 238
117 239
116 239
115 239
contour 78 size 16
106 254
106 253
107 253
107 252
106 251
105 250
104 250
103 250
103 251
102 251
102 252
101 252
101 253
102 254
103 254
104 253
contour 79 size 29
117 169
116 169
116 170
115 170
114 170
113 170
113 171
112 171
111 171
110 171
109 171
108 171
108 172
108 173
109 173
109 174
109 175
108 175
108 176
107 176
107 177
107 178
106 178
106 179
106 180
106 181
106 182
106 183
106 184
contour 80 size 43
110 140
110 141
110 142
110 143
110 144
110 145
110 146
109 147
108 147
108 148
108 149
108 150
108 151
108 152
108 153
108 154
108 155
108 156
109 156
109 157
110 157
111 158
112 158
113 158
114 158
115 159
116 159
117 159
118 159
119 159
119 160
120 161
121 161
122 161
122 160
123 160
124 160
125 160
125 159
126 158
126 157
126 156
125 156
contour 81 size 21
110 220
110 221
110 222
110 223
110 224
110 225
111 225
111 226
112 226
112 227
113 227
114 227
114 226
114 225
114 224
113 224
113 223
112 222
112 221
112 220
112 219
contour 82 size 30
111 146
111 147
112 147
113 147
114 147
115 147
116 148
117 148
118 148
119 148
120 148
121 148
121 149
122 149
123 149
123 150
123 151
124 151
124 152
124 153
124 154
123 154
123 155
122 155
121 155
120 155
120 156
120 157
120 158
119 158
contour 83 size 19
112 240
113 241
114 241
114 242
115 243
114 244
114 245
114 246
114 247
114 248
115 248
115 249
115 250
116 250
117 250
118 250
119 250
120 250
121 250
contour 84 size 19
123 171
122 171
122 172
121 172
121 173
120 173
119 173
118 174
117 174
116 174
116 175
115 175
114 176
113 176
113 177
113 178
113 179
113 180
113 181
contour 85 size 84
114 165
115 165
116 165
117 165
117 166
118 166
119 166
120 166
121 166
122 166
123 166
123 167
124 167
124 168
125 168
126 169
127 169
127 170
127 171
128 171
129 170
130 171
130 172
130 173
130 174
130 175
130 176
130 177
129 177
128 178
127 178
126 178
126 179
125 179
125 180
124 180
124 181
124 182
124 183
125 183
125 184
126 184
127 184
127 185
128 185
128 186
128 187
128 188
127 189
127 190
127 191
127 192
127 193
127 194
126 194
126 195
126 196
126 197
127 197
128 197
128 198
129 198
129 199
128 200
129 201
129 202
129 203
129 204
129 205
129 206
128 207
128 208
128 209
128 210
127 210
127 211
127 212
127 213
126 213
126 214
125 214
125 215
124 214
123 214
contour 86 size 16
115 211
115 212
115 213
116 213
116 214
116 215
117 215
117 216
117 217
118 217
118 218
119 218
120 218
120 219
121 220
122 221
contour 87 size 50
125 254
126 253
127 253
128 253
129 253
130 254
130 253
131 252
131 251
130 250
129 250
129 249
130 248
130 247
130 246
130 245
130 244
130 243
129 242
129 241
128 241
127 241
126 241
125 241
124 242
125 243
126 243
126 244
126 245
126 246
125 247
124 246
123 246
123 245
122 245
121 244
121 243
121 242
120 242
120 241
119 241
118 241
118 242
117 242
117 243
117 244
117 245
117 246
117 247
117 248
contour 88 size 16
119 203
119 204
120 204
121 204
121 203
122 203
121 202
121 201
121 200
122 200
122 199
123 199
122 198
123 197
124 197
125 197
contour 89 size 25
130 229
130 228
129 228
128 228
127 228
127 227
126 227
125 226
124 226
123 226
122 226
121 226
121 227
120 227
120 228
119 229
120 229
121 229
121 230
122 230
122 231
122 232
122 233
122 234
121 234
contour 90 size 22
120 57
120 58
121 58
122 58
123 58
124 58
125 58
126 58
127 58
128 58
129 58
130 59
131 59
132 59
133 59
134 59
135 59
136 59
137 59
138 59
139 59
139 60
contour 91 size 32
124 109
124 108
125 107
124 106
123 105
123 104
123 103
124 103
125 104
126 104
126 105
127 105
127 106
127 107
127 108
127 109
126 109
126 110
126 111
126 112
125 113
125 114
125 115
125 116
124 117
123 117
122 117
122 118
121 118
121 119
121 120
121 121
contour 92 size 62
130 61
130 62
130 63
130 64
130 65
130 66
129 67
129 68
129 69
129 70
130 71
129 72
129 73
129 74
129 75
129 76
128 77
128 78
127 78
126 78
125 79
125 80
125 81
125 82
124 83
124 84
124 85
124 86
124 87
125 87
126 87
126 88
126 89
126 90
126 91
126 92
126 93
126 94
126 95
125 96
125 97
125 98
125 99
125 100
125 101
126 102
127 102
128 102
129 102
130 102
130 103
131 103
132 103
132 104
133 104
134 104
135 104
135 103
136 102
136 101
136 100
137 100
contour 93 size 53
125 129
125 130
125 131
125 132
125 133
126 133
127 133
127 132
127 131
128 131
129 131
130 131
131 131
132 131
133 131
133 132
133 133
133 134
133 135
133 136
133 137
133 138
133 139
133 140
133 141
133 142
133 143
133 144
133 145
133 146
133 147
133 148
133 149
133 150
133 151
133 152
133 153
133 154
133 155
133 156
133 157
133 158
133 159
133 160
133 161
133 162
133 163
133 164
133 165
133 166
133 167
133 168
133 169
contour 94 size 17
127 86
127 87
128 87
128 88
129 89
128 90
128 91
128 92
128 93
128 94
128 95
128 96
128 97
128 98
127 99
127 100
127 101
contour 95 size 26
128 110
129 110
130 110
131 110
132 111
133 111
134 111
134 112
133 113
133 114
133 115
133 116
134 116
134 117
134 118
134 119
134 120
134 121
133 121
133 122
132 123
132 124
131 125
131 126
131 127
132 128
contour 96 size 34
129 136
130 137
131 137
131 138
131 139
131 140
131 141
131 142
131 143
131 144
131 145
131 146
131 147
131 148
131 149
131 150
131 151
131 152
131 153
131 154
131 155
131 156
131 157
131 158
131 159
131 160
131 161
131 162
131 163
131 164
131 165
131 166
131 167
131 168
contour 97 size 103
130 181
131 181
131 182
131 183
131 184
131 185
131 186
131 187
131 188
131 189
131 190
132 191
132 192
132 193
132 194
132 195
132 196
132 197
132 198
131 199
131 200
131 201
131 202
131 203
131 204
132 204
132 205
133 206
134 206
135 205
136 205
136 204
136 203
136 202
136 201
136 200
136 199
135 198
135 197
135 196
135 195
135 194
135 193
135 192
135 191
135 190
135 189
135 188
135 187
135 186
135 185
135 184
135 183
136 182
136 181
136 180
136 179
136 178
136 177
136 176
136 175
136 174
136 173
137 172
137 171
137 170
137 169
137 168
138 167
138 166
138 165
138 164
138 163
139 162
139 161
139 160
139 159
139 158
140 157
140 156
140 155
140 154
140 153
141 152
141 151
140 150
140 149
140 148
141 147
141 146
141 145
141 144
141 143
141 142
141 141
141 140
141 139
141 138
141 137
142 136
142 135
142 134
142 133
contour 98 size 17
133 210
134 209
133 208
132 207
131 207
131 208
131 209
131 210
132 210
132 211
132 212
133 212
133 213
134 213
134 214
135 214
135 215
contour 99 size 38
133 50
134 50
135 50
135 51
135 52
136 52
137 52
138 53
139 52
140 52
140 51
141 50
141 49
142 49
143 49
143 50
143 51
143 52
143 53
143 54
144 54
144 55
143 56
143 57
143 58
143 59
142 60
142 61
143 62
143 63
144 63
145 64
144 65
144 66
143 67
143 68
143 69
144 69
contour 100 size 31
135 78
136 78
137 78
138 78
138 79
138 80
138 81
138 82
139 82
139 83
140 84
140 85
140 86
140 87
140 88
141 89
141 90
141 91
141 92
141 93
142 93
143 93
143 92
143 91
144 91
144 90
143 89
143 88
143 87
142 88
142 89
contour 101 size 21
136 113
136 114
136 115
136 116
136 117
136 118
136 119
136 120
136 121
136 122
136 123
136 124
136 125
136 126
136 127
136 128
136 129
136 130
136 131
136 132
137 133
contour 102 size 49
137 206
137 207
137 208
137 209
137 210
137 211
137 212
138 213
138 214
138 215
138 216
138 217
138 218
138 219
138 220
138 221
139 222
139 223
139 224
139 225
139 226
139 227
140 228
140 229
140 230
140 231
140 232
140 233
140 234
141 235
141 236
141 237
141 238
141 239
141 240
141 241
142 242
142 243
142 244
142 245
142 246
142 247
142 248
142 249
143 250
143 251
143 252
143 253
143 254
contour 103 size 25
138 230
138 231
138 232
138 233
138 234
138 235
138 236
139 237
139 238
139 239
139 240
139 241
139 242
139 243
139 244
139 245
139 246
140 247
140 248
140 249
140 250
140 251
140 252
140 253
140 254
contour 104 size 17
139 62
139 63
139 64
139 65
139 66
139 67
140 67
140 68
140 69
140 70
140 71
140 72
140 73
140 74
140 75
141 75
142 74
contour 105 size 59
153 155
152 155
151 155
150 155
149 155
149 156
148 156
148 157
148 158
148 159
148 160
148 161
148 162
148 163
148 164
148 165
147 165
147 166
147 167
146 167
146 168
145 168
144 169
143 169
143 170
143 171
142 171
142 172
142 173
141 173
140 173
140 174
139 175
139 176
139 177
139 178
139 179
140 180
140 181
140 182
140 183
140 184
140 185
140 186
140 187
140 188
140 189
140 190
140 191
140 192
140 193
140 194
140 195
140 196
140 197
140 198
140 199
141 199
141 200
contour 106 size 43
139 203
140 203
141 203
142 203
143 203
144 203
145 203
146 203
147 203
148 203
149 203
150 203
150 204
150 205
151 205
152 205
153 205
154 205
155 205
156 205
157 205
158 206
158 207
158 208
158 209
158 210
158 211
158 212
159 213
159 214
160 214
160 215
160 216
160 217
161 217
162 217
162 218
163 218
163 219
164 220
164 221
164 222
163 223
contour 107 size 26
143 187
143 188
143 189
143 190
144 190
145 190
145 189
145 188
145 187
145 186
145 185
145 184
145 183
145 182
145 181
145 180
145 179
145 178
145 177
144 176
143 176
142 176
141 176
141 177
141 178
141 179
contour 108 size 81
156 52
156 53
155 54
155 55
155 56
155 57
154 58
154 59
154 60
154 61
154 62
154 63
154 64
153 65
153 66
153 67
153 68
153 69
153 70
152 71
152 72
152 73
152 74
152 75
152 76
152 77
151 78
151 79
151 80
151 81
151 82
151 83
150 84
150 85
150 86
150 87
149 88
149 89
149 90
149 91
149 92
149 93
148 94
148 95
148 96
148 97
148 98
148 99
147 100
147 101
147 102
147 103
147 104
147 105
147 106
146 107
146 108
146 109
146 110
146 111
145 112
145 113
145 114
145 115
145 116
145 117
145 118
144 119
144 120
144 121
144 122
144 123
144 124
144 125
143 126
143 127
143 128
143 129
143 130
144 131
144 132
contour 109 size 32
143 151
144 151
145 151
146 151
147 151
148 151
149 150
150 150
151 150
152 149
153 148
154 147
154 146
154 145
155 144
155 143
156 143
156 142
156 141
156 140
157 140
157 139
157 138
157 137
157 136
157 135
158 134
158 133
158 132
158 131
159 131
158 130
contour 110 size 16
143 173
144 173
145 173
146 174
147 174
148 174
149 174
149 175
149 176
148 176
148 177
148 178
148 179
147 180
147 181
147 182
contour 111 size 36
145 54
146 54
147 54
147 55
147 56
147 57
147 58
147 59
147 60
148 61
148 62
148 63
148 64
148 65
148 66
148 67
148 68
148 69
147 70
147 71
147 72
146 73
146 74
146 75
146 76
146 77
146 78
146 79
146 80
145 81
146 82
146 83
145 83
144 84
144 85
144 86
contour 112 size 39
144 228
145 228
146 228
147 228
148 228
149 228
150 228
151 228
152 228
153 228
154 228
155 228
155 229
155 230
155 231
155 232
155 233
156 234
156 235
156 236
156 237
156 238
156 239
156 240
157 241
157 242
157 243
157 244
157 245
157 246
158 247
158 248
158 249
158 250
158 251
158 252
159 252
159 253
159 254
contour 113 size 22
146 207
145 208
145 209
146 210
146 211
146 212
146 213
147 213
147 214
147 215
147 216
147 217
146 217
146 218
147 219
147 220
147 221
147 222
148 222
148 223
149 223
150 223
contour 114 size 47
156 50
156 49
155 49
154 49
154 50
154 51
153 51
153 52
153 53
152 53
151 54
150 54
150 55
150 56
150 57
150 58
150 59
150 60
150 61
150 62
150 63
150 64
150 65
150 66
150 67
150 68
150 69
150 70
150 71
150 72
150 73
149 74
149 75
149 76
149 77
149 78
149 79
148 80
148 81
148 82
148 83
147 83
147 84
147 85
146 85
146 86
146 87
contour 115 size 165
251 55
250 55
249 55
248 55
247 55
246 55
245 55
244 55
243 55
242 55
241 55
240 54
239 54
239 53
238 53
238 52
237 51
237 52
236 52
235 52
234 52
233 52
232 52
231 52
230 52
229 52
228 52
227 52
226 52
225 52
224 52
223 52
222 52
221 51
220 51
219 51
218 52
217 52
216 51
215 51
214 51
213 51
212 51
211 51
210 51
209 51
208 51
207 51
206 51
205 51
204 51
203 51
202 51
201 51
200 51
199 51
198 51
197 51
196 51
195 51
194 51
193 51
192 51
191 51
190 51
189 51
188 50
187 50
186 50
185 50
184 50
183 50
182 50
181 50
180 50
179 50
178 50
177 50
176 50
175 50
174 50
173 50
172 50
171 50
170 50
169 50
168 50
167 50
166 50
165 50
164 50
163 50
162 50
161 50
160 49
160 50
159 50
159 51
159 52
159 53
159 54
158 55
158 56
158 57
158 58
158 59
157 60
157 61
157 62
157 63
157 64
156 65
156 66
156 67
156 68
156 69
156 70
155 71
155 72
155 73
155 74
155 75
154 76
154 77
154 78
154 79
154 80
154 81
153 82
153 83
153 84
153 85
153 86
153 87
152 88
152 89
152 90
152 91
152 92
151 93
151 94
151 95
151 96
151 97
151 98
150 99
150 100
150 101
150 102
149 103
149 104
149 105
149 106
149 107
149 108
148 109
148 110
148 111
148 112
148 113
148 114
147 115
147 116
147 117
147 118
contour 116 size 17
157 128
156 128
155 128
154 128
153 128
152 128
151 128
150 128
149 128
148 128
148 129
148 130
147 131
147 132
147 133
147 134
147 135
contour 117 size 31
147 248
148 248
149 248
149 247
149 246
148 245
148 244
148 243
148 242
148 241
149 241
150 241
151 241
151 242
151 243
151 244
151 245
151 246
151 247
152 248
152 249
153 249
154 249
154 248
154 247
154 246
154 245
153 244
153 243
153 242
152 242
contour 118 size 24
149 147
150 147
151 147
151 146
151 145
151 144
152 144
152 143
152 142
152 141
152 140
153 140
153 139
153 138
153 137
154 137
153 136
153 135
154 134
154 133
154 132
155 132
155 131
155 130
contour 119 size 27
150 177
150 178
150 179
150 180
150 181
150 182
150 183
150 184
150 185
150 186
150 187
150 188
150 189
150 190
149 190
149 191
149 192
149 193
149 194
149 195
149 196
149 197
150 197
150 198
150 199
150 200
150 201
contour 120 size 20
149 208
149 209
149 210
149 211
149 212
150 213
150 214
150 215
150 216
150 217
150 218
151 218
151 219
151 220
151 221
152 222
152 223
152 224
152 225
152 226
contour 121 size 64
158 142
158 143
158 144
157 145
157 146
157 147
157 148
157 149
157 150
156 151
156 152
156 153
155 153
155 154
155 155
155 156
155 157
154 158
154 159
154 160
154 161
154 162
153 163
153 164
153 165
152 166
152 167
152 168
152 169
151 170
151 171
151 172
151 173
151 174
151 175
152 176
152 177
152 178
153 178
154 179
155 179
155 180
155 181
155 182
154 183
154 184
154 185
154 186
154 187
154 188
154 189
154 190
154 191
154 192
154 193
154 194
154 195
155 196
155 197
155 198
154 199
155 200
155 201
156 201
contour 122 size 181
151 203
152 203
153 203
154 203
155 203
156 203
157 203
158 203
159 203
160 203
161 203
162 203
163 203
164 203
165 203
166 203
167 203
168 203
169 203
170 203
171 203
172 204
173 204
174 204
175 204
176 204
177 204
178 204
179 204
180 204
181 204
182 204
183 204
184 204
185 204
186 204
187 204
188 204
189 204
190 204
191 204
192 204
193 204
194 204
195 204
195 203
195 202
195 201
194 200
194 199
194 198
193 197
193 196
193 195
193 194
193 193
193 192
193 191
193 190
193 189
193 188
193 187
193 186
193 185
193 184
194 183
194 182
194 181
194 180
194 179
195 179
195 178
195 177
196 176
196 175
197 174
197 173
197 172
197 171
198 170
198 169
198 168
199 168
199 167
199 166
200 166
200 165
200 164
201 163
201 162
202 161
202 160
202 159
202 158
203 158
203 157
204 156
204 155
204 154
205 153
205 152
205 151
205 150
206 150
206 149
207 148
207 147
207 146
208 145
208 144
209 143
209 142
209 141
210 140
210 139
210 138
211 137
211 136
212 135
212 134
212 133
213 132
213 131
214 130
214 129
214 128
214 127
215 127
215 126
215 125
216 124
216 123
216 122
217 122
217 121
217 120
218 119
218 118
219 117
219 116
219 115
220 114
220 113
220 112
221 111
221 110
221 109
222 108
222 107
223 106
223 105
224 104
224 103
224 102
225 101
225 100
225 99
225 98
226 98
226 97
226 96
227 96
227 95
227 94
228 93
228 92
228 91
228 90
229 90
229 89
230 89
231 89
232 89
232 88
232 87
232 86
232 85
232 84
231 85
230 86
229 87
contour 123 size 21
151 207
151 208
151 209
152 210
152 211
152 212
152 213
152 214
152 215
152 216
153 217
153 218
153 219
153 220
154 221
154 222
154 223
154 224
154 225
155 225
156 225
contour 124 size 64
153 172
154 172
155 172
156 172
157 172
158 172
159 172
160 172
161 172
161 171
162 171
162 170
162 169
163 168
163 167
163 166
164 165
164 164
164 163
163 163
162 163
161 163
161 164
161 165
160 166
159 167
159 168
159 169
158 169
157 169
156 170
155 169
155 168
155 167
155 166
155 165
156 164
156 163
156 162
157 161
157 160
157 159
157 158
157 157
157 156
158 156
158 155
159 155
160 155
161 155
162 155
162 156
162 157
161 157
160 157
160 158
159 158
159 159
159 160
159 161
160 161
161 161
162 161
163 161
contour 125 size 68
153 176
154 176
155 177
155 178
156 178
157 178
158 177
159 177
160 177
161 177
162 177
163 177
164 177
165 177
166 178
167 178
168 178
169 178
170 178
171 178
172 178
173 178
174 178
175 178
176 178
177 178
178 178
179 178
180 178
181 178
182 179
183 179
184 178
185 178
186 178
187 178
187 179
187 180
187 181
186 181
186 182
186 183
186 184
186 185
186 186
186 187
186 188
186 189
186 190
186 191
186 192
186 193
186 194
186 195
186 196
186 197
186 198
187 198
187 199
188 199
189 199
190 199
190 200
190 201
190 202
191 202
192 201
193 201
contour 126 size 21
154 97
155 97
156 97
157 97
158 97
159 97
160 97
161 97
162 97
163 97
164 97
165 97
166 97
166 96
166 95
166 94
166 93
166 92
167 92
167 91
167 90
contour 127 size 46
154 99
155 99
156 99
157 99
158 99
159 99
160 99
161 99
162 99
163 99
164 99
165 99
166 99
167 99
167 100
167 101
167 102
167 103
167 104
167 105
166 106
166 107
166 108
166 109
166 110
165 110
165 111
165 112
165 113
164 114
164 115
164 116
164 117
163 118
163 119
163 120
163 121
163 122
162 123
162 124
162 125
161 126
161 127
161 128
161 129
161 130
contour 128 size 18
156 209
156 208
155 208
154 208
154 209
154 210
154 211
154 212
155 213
155 214
155 215
155 216
155 217
155 218
156 219
156 220
156 221
156 222
contour 129 size 39
162 103
161 103
160 103
160 104
160 105
159 106
159 107
159 108
159 109
159 110
159 111
158 112
158 113
157 113
156 113
155 113
155 114
155 115
156 115
157 115
158 115
158 116
158 117
157 117
157 118
157 119
157 120
156 121
156 122
156 123
156 124
157 124
158 123
159 123
160 123
160 122
160 121
159 121
159 122
contour 130 size 64
155 174
156 174
157 174
158 174
159 174
160 174
161 174
162 174
163 174
164 174
165 174
166 174
167 174
168 174
169 174
170 174
171 174
172 174
173 174
174 174
175 174
175 173
176 172
177 171
178 171
179 171
180 171
180 170
181 170
181 169
182 169
182 168
183 167
183 166
183 165
184 164
184 163
184 162
185 161
185 160
186 159
186 158
186 157
187 157
188 157
189 157
190 157
191 157
192 157
193 157
194 157
195 157
196 157
196 158
196 159
195 159
195 160
195 161
194 161
194 162
194 163
193 164
193 165
193 166
contour 131 size 154
156 228
157 228
158 228
159 228
160 228
161 228
162 228
163 228
164 228
165 228
166 228
167 228
168 228
169 228
170 228
171 228
172 228
173 228
174 228
175 228
176 228
177 228
178 228
179 228
180 228
181 228
182 228
183 228
184 228
185 228
186 228
187 228
188 228
189 228
190 228
191 228
192 229
193 229
194 229
195 229
196 229
197 229
198 229
199 229
200 229
201 229
202 229
203 229
203 230
203 231
203 232
204 233
204 234
205 235
205 236
205 237
206 238
206 239
206 240
206 241
207 242
207 243
207 244
208 245
208 246
208 247
208 248
209 248
209 249
209 250
209 251
209 252
208 252
207 252
206 252
205 252
204 253
203 253
202 253
201 252
200 253
199 253
198 252
197 252
196 252
195 252
194 252
193 252
192 252
191 252
190 252
189 252
188 252
187 252
186 252
185 252
184 252
183 252
182 252
181 252
180 252
179 252
178 252
177 252
176 252
175 252
174 252
173 252
172 252
171 252
170 252
169 252
168 252
167 252
166 252
165 252
164 252
163 252
163 251
163 250
164 249
165 249
166 249
167 249
168 249
169 249
170 249
171 249
172 249
173 249
174 250
175 250
176 250
177 249
178 249
179 249
180 250
181 250
182 250
183 249
184 249
185 249
186 249
187 249
188 249
189 249
190 249
191 249
192 249
193 249
194 249
195 249
196 250
197 249
contour 132 size 41
157 93
157 94
158 93
159 93
160 92
161 92
162 92
162 91
163 91
163 90
163 89
163 88
163 87
164 86
164 85
164 84
164 83
165 83
166 83
166 82
167 81
167 80
167 79
166 79
166 78
166 77
166 76
166 75
166 74
166 73
167 72
167 71
167 70
167 69
167 68
168 67
168 66
168 65
169 65
168 64
167 64
contour 133 size 23
157 230
158 231
159 231
160 231
161 231
162 231
163 231
164 231
165 231
166 231
167 231
168 231
169 230
170 231
171 231
172 231
173 231
174 231
175 231
176 231
177 231
178 231
179 231
contour 134 size 41
171 75
171 74
171 73
171 72
172 71
172 70
172 69
172 68
173 67
173 66
173 65
173 64
174 63
174 62
174 61
174 60
175 59
174 59
173 59
172 59
171 59
170 59
169 59
168 59
167 59
166 59
165 59
164 59
163 59
162 59
161 59
161 60
160 60
160 61
160 62
160 63
160 64
159 65
159 66
159 67
159 68
contour 135 size 46
159 149
160 149
160 148
161 148
161 147
162 147
163 148
164 148
165 148
166 148
167 148
168 148
169 148
170 148
171 148
172 148
173 148
174 148
175 148
176 148
177 148
178 148
179 148
180 148
181 148
182 148
183 148
184 148
185 148
186 148
187 148
188 148
189 148
190 148
191 148
192 149
193 148
194 148
195 149
196 149
197 149
198 149
199 149
200 148
201 148
201 149
contour 136 size 29
160 153
161 153
162 153
163 153
164 153
165 153
166 153
167 153
167 154
167 155
166 155
166 156
166 157
165 157
165 158
165 159
165 160
165 161
165 162
166 163
166 164
166 165
166 166
165 167
165 168
165 169
164 170
164 171
164 172
contour 137 size 17
164 70
164 69
164 68
164 67
165 66
165 65
165 64
164 64
163 64
162 64
162 65
162 66
162 67
162 68
161 69
161 70
161 71
contour 138 size 17
161 116
162 116
162 115
162 114
162 113
163 112
163 111
163 110
163 109
164 108
164 107
164 106
164 105
165 104
165 103
165 102
165 101
contour 139 size 65
193 234
194 234
195 233
195 234
196 234
197 235
197 236
197 237
197 238
197 239
196 239
195 239
194 239
193 239
192 239
191 239
190 239
189 239
188 239
187 239
186 239
185 239
184 239
183 239
182 238
181 238
180 238
179 238
178 238
177 238
176 238
175 238
174 238
173 238
172 238
171 237
170 237
169 237
168 237
167 238
166 238
165 238
164 238
164 237
164 236
163 236
163 235
163 234
162 234
161 234
161 235
161 236
161 237
161 238
162 239
162 240
162 241
162 242
162 243
162 244
163 244
163 245
163 246
163 247
162 248
contour 140 size 20
162 206
163 206
163 207
164 208
164 209
164 210
164 211
164 212
164 213
165 214
165 215
165 216
165 217
166 218
166 219
166 220
166 221
167 222
167 223
167 224
contour 141 size 58
211 127
210 127
209 127
208 127
207 127
206 127
205 127
204 127
203 127
202 127
201 127
200 127
199 127
198 127
197 126
196 126
195 126
194 126
193 126
192 126
191 126
190 126
189 126
188 126
187 126
186 126
185 126
184 126
183 126
182 126
181 126
180 126
179 125
178 126
177 126
176 126
175 125
174 126
173 125
172 125
171 125
170 126
169 126
168 126
167 126
166 125
166 126
165 127
164 127
163 128
163 129
164 129
164 130
164 131
164 132
163 132
163 133
163 134
contour 142 size 103
202 140
202 139
203 138
203 137
203 136
204 135
204 134
204 133
203 133
202 133
201 133
200 133
199 133
198 133
197 133
196 133
195 133
194 133
193 133
192 133
191 133
190 133
189 133
188 133
187 133
186 133
185 133
184 133
183 133
182 133
181 133
180 133
179 133
178 133
177 133
176 133
175 133
174 133
173 133
172 133
171 133
170 133
169 133
168 133
167 133
166 133
166 134
165 134
165 135
165 136
165 137
164 138
164 139
164 140
164 141
163 142
163 143
163 144
163 145
164 146
164 147
165 146
165 145
166 145
167 145
168 145
169 145
170 145
171 145
172 145
173 146
174 146
175 146
176 146
177 145
178 145
179 145
180 146
181 146
182 146
183 146
184 146
185 146
186 146
187 146
188 146
189 146
190 146
191 146
192 146
193 146
194 146
195 146
196 146
197 146
198 146
199 146
199 145
200 145
200 144
201 144
201 143
201 142
contour 143 size 44
164 206
165 206
166 206
167 206
168 206
169 206
170 206
171 206
172 206
173 206
174 206
175 206
176 206
176 207
176 208
176 209
177 210
177 211
177 212
177 213
178 214
178 215
178 216
178 217
179 218
179 219
179 220
179 221
180 222
180 223
180 224
181 225
181 226
181 227
182 226
183 226
184 226
185 226
186 226
187 226
188 226
189 226
190 226
191 226
contour 144 size 16
164 246
165 246
165 245
166 245
167 245
168 245
169 245
170 245
171 245
172 245
173 245
174 245
175 245
176 245
177 245
178 245
contour 145 size 42
165 129
166 129
167 130
168 130
169 130
170 130
171 130
172 130
173 130
174 130
175 130
176 130
177 130
178 130
179 130
180 130
181 130
182 131
183 131
184 131
185 131
186 130
187 130
188 131
189 131
190 131
191 131
192 131
193 130
194 130
195 131
196 131
197 131
198 131
199 131
200 131
201 131
202 131
203 131
204 131
205 131
206 131
contour 146 size 37
166 172
167 172
168 172
169 171
170 171
171 171
172 171
173 171
174 171
174 170
175 169
175 168
176 167
176 166
177 165
177 164
177 163
177 162
177 161
178 161
178 160
178 159
179 158
179 157
179 156
178 156
177 156
176 156
176 155
175 156
175 157
175 158
175 159
174 159
174 160
174 161
175 161
contour 147 size 18
168 209
167 209
166 208
166 209
166 210
166 211
167 212
167 213
167 214
168 215
168 216
168 217
168 218
168 219
168 220
169 221
169 222
169 223
contour 148 size 98
180 106
179 106
178 106
177 106
176 106
175 106
174 106
173 106
172 106
172 107
171 107
171 108
172 109
172 110
172 111
171 111
171 112
171 113
170 113
170 114
170 115
170 116
169 116
169 117
169 118
169 119
168 120
168 121
167 122
167 123
168 122
169 122
170 122
171 122
172 122
173 122
174 122
175 122
176 122
177 122
178 122
179 122
180 122
181 123
182 123
183 123
184 123
185 123
186 123
187 123
188 123
189 123
190 123
191 123
192 123
193 123
194 123
195 123
196 123
197 123
198 123
199 123
200 123
201 123
202 123
203 123
204 123
205 123
206 123
207 123
208 123
209 123
210 123
211 123
211 122
211 121
212 121
212 120
212 119
212 118
213 118
213 117
213 116
214 115
214 114
214 113
215 112
215 111
215 110
216 109
216 108
216 107
217 107
217 106
218 105
218 104
219 104
220 104
contour 149 size 17
173 155
172 155
171 155
171 156
170 157
170 158
170 159
169 160
169 161
169 162
169 163
168 164
168 165
168 166
168 167
167 168
167 169
contour 150 size 56
168 98
168 99
169 99
170 99
171 99
172 99
173 99
174 99
175 99
176 99
177 99
178 99
179 99
180 99
181 99
182 99
183 99
184 99
185 99
186 99
187 99
188 99
189 99
190 99
191 99
192 99
193 99
194 99
195 99
196 99
197 99
198 99
199 100
200 100
201 100
202 100
203 100
204 100
205 100
206 100
207 100
208 100
209 100
210 100
211 100
212 100
213 100
214 100
215 100
216 100
217 100
218 100
219 100
220 100
221 100
222 101
contour 151 size 54
168 107
169 107
169 106
169 105
169 104
170 103
170 102
171 102
172 102
173 102
174 103
175 103
176 103
177 103
178 103
179 103
180 103
181 103
182 103
183 103
184 103
185 103
186 103
187 103
188 103
189 103
190 103
191 103
192 103
193 103
194 103
195 103
196 103
197 104
198 104
199 104
200 103
201 103
202 104
203 104
204 104
205 104
206 104
207 104
208 104
209 104
210 104
211 104
212 104
213 104
214 104
215 104
216 104
217 104
contour 152 size 17
168 151
169 151
170 151
171 151
172 151
173 151
174 151
175 151
176 151
177 151
178 151
179 151
180 151
180 152
180 153
180 154
180 155
contour 153 size 119
231 63
230 62
229 62
228 62
227 63
226 63
225 63
224 63
224 62
223 62
222 62
222 61
221 61
220 61
219 60
218 60
217 60
216 60
215 60
214 60
213 60
212 60
211 60
210 60
209 60
208 60
207 60
206 60
205 60
204 60
203 60
202 60
201 60
200 60
199 60
198 60
197 60
196 60
195 60
194 60
193 60
192 60
191 60
190 60
189 60
188 60
187 60
186 60
185 59
184 59
183 59
182 59
181 60
180 60
179 59
178 59
177 60
177 61
176 62
176 63
176 64
176 65
175 65
175 66
175 67
175 68
174 69
174 70
174 71
174 72
173 73
173 74
173 75
173 76
173 77
172 78
172 79
172 80
172 81
171 82
171 83
171 84
171 85
170 86
170 87
170 88
170 89
169 90
169 91
169 92
169 93
169 94
169 95
169 96
170 97
171 97
172 97
173 97
174 97
175 97
176 97
177 97
178 97
179 97
180 97
181 97
182 97
183 97
184 97
185 97
186 97
187 97
188 97
189 97
189 96
190 95
191 95
192 95
193 95
contour 154 size 28
169 226
170 226
171 226
172 226
173 226
174 226
175 226
176 226
177 226
178 226
178 225
178 224
178 223
177 222
177 221
177 220
176 219
176 218
176 217
176 216
176 215
175 214
175 213
174 212
174 211
174 210
173 209
173 208
contour 155 size 38
170 120
171 120
172 120
173 120
174 120
175 120
176 120
177 120
178 120
179 120
180 120
181 120
182 120
183 120
184 120
185 120
186 120
187 120
188 120
189 120
190 120
191 120
192 120
193 121
194 120
195 120
196 120
197 120
198 120
199 121
200 121
201 121
202 121
203 121
204 121
205 121
206 121
207 121
contour 156 size 72
173 94
173 95
174 94
174 93
175 93
174 92
175 91
176 91
175 90
175 89
176 88
176 87
176 86
177 86
177 85
177 84
177 83
177 82
178 82
178 81
178 80
178 79
179 78
178 77
178 76
179 76
179 75
180 75
181 75
182 75
182 76
183 75
184 75
185 75
186 75
187 75
188 75
189 75
190 75
191 75
192 75
193 75
194 75
195 75
196 75
197 75
198 75
199 75
200 75
201 75
202 75
203 75
204 75
205 75
206 76
207 76
208 75
209 75
210 75
211 75
212 75
213 75
214 76
215 76
216 75
217 75
218 75
219 76
220 76
221 76
222 76
223 75
contour 157 size 63
230 65
229 65
228 65
227 65
226 65
225 65
224 65
223 65
222 65
221 65
220 64
219 64
218 64
217 64
216 64
215 64
214 64
213 64
212 64
211 64
210 64
209 64
208 64
207 64
206 65
205 65
204 65
203 65
202 64
201 64
200 64
199 64
198 64
197 64
196 64
195 64
194 64
193 64
192 64
191 64
190 64
189 64
188 64
187 64
186 64
185 64
184 64
183 64
182 64
181 64
180 64
179 64
179 65
179 66
179 67
179 68
178 68
178 69
178 70
178 71
178 72
177 73
177 74
contour 158 size 18
177 174
178 173
179 173
180 173
181 173
182 173
183 173
184 173
185 173
186 173
187 173
188 173
189 173
190 173
191 173
192 173
193 173
194 173
contour 159 size 31
177 206
178 206
179 206
180 206
181 206
182 206
183 206
184 206
185 206
186 206
187 206
188 206
189 206
190 206
191 206
192 206
193 206
194 206
195 206
196 206
196 207
196 208
196 209
197 209
197 210
197 211
198 212
198 213
198 214
198 215
197 216
contour 160 size 27
193 79
192 78
191 78
190 78
189 78
188 78
187 78
186 78
185 78
184 78
183 78
182 78
182 79
181 79
181 80
181 81
181 82
180 83
180 84
180 85
179 86
179 87
179 88
179 89
178 90
178 91
178 92
contour 161 size 21
180 209
181 209
181 210
181 211
182 212
182 213
182 214
182 215
183 216
183 217
183 218
184 218
184 219
184 220
184 221
185 221
185 222
186 221
187 221
188 222
188 223
contour 162 size 24
181 151
182 151
183 151
184 151
185 151
186 151
187 151
188 151
189 151
190 151
191 151
192 151
193 151
194 152
195 152
196 152
197 152
198 152
199 152
200 152
201 152
202 152
203 151
204 152
contour 163 size 33
182 106
183 106
184 106
185 106
186 106
187 106
188 106
189 106
190 106
191 106
192 106
193 106
194 106
195 106
196 106
197 106
198 106
199 106
200 107
201 107
202 107
203 107
204 107
205 107
206 107
207 107
208 107
209 107
210 107
211 107
212 107
213 107
214 107
contour 164 size 58
183 57
184 56
185 56
185 57
186 57
187 57
188 57
189 57
190 57
191 57
192 57
193 57
194 57
195 57
196 57
197 57
198 57
199 57
200 57
201 57
202 57
203 57
204 57
205 57
206 57
207 57
208 57
209 58
210 58
211 58
212 58
213 58
214 58
215 58
216 58
217 58
218 58
219 58
220 58
221 58
222 58
223 58
224 58
225 58
226 58
227 58
228 58
229 58
230 58
231 57
232 57
233 57
234 57
235 57
236 57
237 57
237 56
237 55
contour 165 size 30
183 170
184 170
185 170
186 170
187 170
188 170
189 170
190 170
191 170
192 170
193 170
194 170
194 169
194 168
195 168
195 167
195 166
196 165
196 164
196 163
197 163
197 162
197 161
198 160
198 159
198 158
199 157
199 156
200 156
201 156
contour 166 size 17
193 159
192 159
191 159
191 160
190 160
189 160
188 160
188 161
187 162
187 163
186 164
186 165
186 166
186 167
185 167
185 168
185 169
contour 167 size 36
186 231
187 231
188 231
189 231
190 231
191 231
192 231
193 231
194 231
195 231
196 231
197 231
198 231
199 231
199 232
199 233
199 234
200 234
200 235
200 236
200 237
201 238
201 239
201 240
201 241
202 242
202 243
202 244
202 245
203 245
203 246
203 247
203 248
204 249
204 250
205 250
contour 168 size 90
187 66
188 66
189 66
189 67
190 67
191 67
192 67
193 67
194 67
195 67
196 67
197 67
198 67
199 67
200 67
201 67
202 68
203 68
204 68
205 68
206 68
207 69
208 69
209 69
210 69
211 69
212 69
213 69
214 69
215 69
216 69
217 69
218 69
218 70
219 70
220 69
221 69
222 70
223 70
224 70
225 69
226 70
227 71
226 72
226 73
225 74
225 75
225 76
224 77
224 78
224 79
223 79
223 80
223 81
222 81
222 82
222 83
222 84
222 85
221 86
221 87
220 88
220 89
220 90
219 90
219 91
218 91
217 91
216 91
215 90
214 90
213 90
212 90
211 90
210 90
209 90
208 90
207 90
206 90
205 90
204 90
203 90
202 90
202 91
201 90
200 90
199 90
198 90
197 90
197 91
contour 169 size 18
189 212
188 212
188 213
188 214
188 215
188 216
189 216
190 216
191 216
192 216
192 217
193 218
193 219
192 219
191 220
190 220
189 220
189 221
contour 170 size 25
193 209
193 210
193 211
194 212
194 213
194 214
194 215
195 216
195 217
195 218
196 219
196 220
196 221
197 222
197 223
197 224
198 224
199 224
200 224
201 224
201 225
201 226
200 226
199 226
198 226
contour 171 size 28
202 167
202 168
201 169
201 170
201 171
200 172
200 173
199 174
199 175
199 176
198 177
198 178
197 179
197 180
197 181
196 182
196 183
196 184
196 185
196 186
197 185
198 185
199 184
199 183
200 183
201 183
201 182
201 181
contour 172 size 20
202 81
203 81
204 81
205 81
206 81
207 81
208 81
209 81
210 81
211 81
212 81
213 81
214 82
215 81
216 81
217 81
218 81
219 81
220 81
221 81
contour 173 size 23
202 146
202 147
203 146
203 145
203 144
203 143
204 142
204 141
204 140
205 140
205 139
205 138
206 138
206 137
206 136
206 135
206 134
207 134
207 133
208 133
208 132
209 132
210 132
contour 174 size 234
250 60
250 61
249 62
249 63
248 64
248 65
248 66
247 66
247 67
247 68
246 68
246 69
245 69
245 70
245 71
245 72
244 73
244 74
244 75
243 75
243 76
242 76
241 76
241 77
241 78
240 79
240 80
240 81
241 82
241 83
241 84
241 85
240 86
240 87
240 88
239 89
239 90
238 90
238 91
237 91
237 92
237 93
236 93
236 94
236 95
235 95
235 96
235 97
234 97
234 98
233 98
233 99
232 99
232 100
232 101
232 102
232 103
231 104
231 105
231 106
231 107
230 108
230 109
230 110
229 111
229 112
228 113
228 114
228 115
227 115
227 116
227 117
226 118
226 119
225 120
225 121
225 122
224 122
224 123
224 124
224 125
223 125
223 126
222 127
222 128
222 129
221 130
221 131
221 132
220 132
220 133
220 134
219 134
219 135
219 136
219 137
218 137
218 138
218 139
217 139
217 140
217 141
216 142
216 143
216 144
215 145
215 146
215 147
214 147
214 148
214 149
213 149
213 150
213 151
213 152
212 152
212 153
212 154
212 155
211 155
211 156
210 157
210 158
210 159
210 160
209 160
209 161
209 162
208 162
208 163
208 164
207 165
207 166
206 167
206 168
206 169
205 169
205 170
205 171
204 172
204 173
204 174
204 175
203 176
203 177
203 178
204 179
204 180
204 181
205 182
205 183
206 184
206 185
207 186
207 187
208 188
207 189
207 190
207 191
206 192
206 193
205 194
205 195
204 196
204 197
204 198
203 199
203 200
203 201
203 202
203 203
203 204
204 205
204 206
204 207
204 208
205 209
205 210
205 211
206 212
206 213
206 214
207 215
207 216
207 217
208 218
208 219
208 220
209 221
209 222
209 223
209 224
210 225
210 226
210 227
211 228
211 229
211 230
212 231
212 232
212 233
212 234
213 234
213 235
213 236
214 237
214 238
214 239
215 240
215 241
215 242
216 243
216 244
216 245
217 245
217 246
217 247
217 248
217 249
217 250
218 250
218 251
218 252
218 253
219 253
219 254
220 254
221 254
222 254
223 254
224 254
225 254
226 254
227 254
contour 175 size 20
204 98
205 98
206 98
207 98
208 98
209 98
210 98
211 98
212 98
213 98
214 98
215 98
216 98
217 98
218 98
219 98
220 98
221 98
222 98
223 99
contour 176 size 221
209 185
210 185
210 184
210 183
210 182
211 182
211 181
212 181
212 180
212 179
212 178
213 178
213 177
213 176
214 176
214 175
214 174
215 174
215 173
215 172
216 172
216 171
216 170
216 169
217 169
217 168
217 167
218 167
218 166
218 165
219 165
219 164
219 163
220 163
220 162
220 161
221 161
221 160
221 159
222 159
222 158
222 157
223 156
223 155
223 154
224 154
224 153
225 152
225 151
225 150
226 150
226 149
226 148
227 148
227 147
227 146
227 145
228 145
228 144
228 143
229 143
229 142
230 141
230 140
230 139
231 139
231 138
231 137
232 137
232 136
232 135
232 134
233 134
233 133
233 132
234 132
234 131
234 130
235 130
235 129
235 128
236 128
236 127
236 126
237 125
237 124
238 123
238 122
239 122
239 121
239 120
239 119
240 119
240 118
240 117
241 117
241 116
241 115
242 115
242 114
242 113
242 112
243 112
243 111
244 111
244 110
244 109
245 108
245 107
245 106
246 106
246 105
246 104
247 103
247 102
248 102
248 101
248 100
248 99
249 99
249 98
249 97
250 97
250 96
250 95
251 95
251 94
251 93
252 93
253 92
253 91
253 90
253 89
253 88
253 87
253 86
253 85
253 84
253 83
253 82
253 81
253 80
253 79
253 78
253 77
253 76
253 75
253 74
253 73
253 72
253 71
253 70
253 69
253 68
253 67
253 66
253 65
253 64
253 63
253 62
253 61
253 60
253 59
253 58
253 57
253 56
253 55
253 54
253 53
253 52
253 51
253 50
253 49
253 48
253 47
253 46
253 45
253 44
253 43
253 42
253 41
253 40
253 39
253 38
253 37
253 36
253 35
253 34
253 33
253 32
253 31
253 30
253 29
253 28
253 27
253 26
253 25
253 24
253 23
253 22
253 21
253 20
253 19
254 18
254 17
254 16
254 15
254 14
253 13
253 12
253 11
253 10
254 9
253 8
253 7
253 6
253 5
253 4
253 3
253 2
253 1
contour 177 size 68
209 193
209 194
209 195
209 196
210 196
210 197
210 198
211 199
211 200
211 201
211 202
212 202
212 203
212 204
212 205
213 206
213 207
213 208
214 208
214 209
214 210
215 211
215 212
215 213
216 214
216 215
216 216
217 217
217 218
217 219
218 219
218 220
218 221
219 222
219 223
219 224
220 225
220 226
220 227
220 228
221 228
221 229
221 230
222 231
222 232
222 233
223 234
223 235
224 236
224 237
224 238
225 239
225 240
225 241
226 242
226 243
226 244
227 245
227 246
227 247
228 248
228 249
228 250
229 251
229 252
229 253
230 253
230 254
contour 178 size 16
211 243
212 243
212 244
212 245
213 245
213 246
213 247
214 247
214 248
214 249
215 250
215 251
215 252
216 253
216 254
217 254
contour 179 size 43
222 91
222 92
223 91
223 90
223 89
223 88
224 88
224 87
224 86
225 85
225 84
226 83
226 82
226 81
226 80
227 80
227 79
227 78
228 77
228 76
228 75
228 74
229 74
229 73
229 72
230 72
230 71
230 70
230 69
231 68
231 67
232 67
232 66
233 66
233 65
233 64
234 64
233 63
233 62
234 61
234 60
235 60
235 59
contour 180 size 20
232 254
233 254
234 254
235 254
236 254
237 254
238 254
239 254
240 254
241 254
242 254
243 254
244 254
245 254
246 254
247 254
248 254
249 254
250 254
251 254
contour 181 size 31
241 57
241 58
241 59
240 60
240 61
240 62
239 63
239 64
239 65
239 66
239 67
239 68
238 69
238 70
238 71
237 71
237 72
237 73
237 74
236 74
236 75
235 76
235 77
235 78
235 79
235 80
235 81
234 81
233 81
233 82
233 83
contour 182 size 39
250 13
251 13
251 14
251 15
250 16
250 17
249 18
249 19
248 20
248 21
248 22
247 23
247 24
246 25
246 26
246 27
245 28
245 29
244 30
244 31
244 32
243 32
243 33
243 34
243 35
242 36
242 37
241 38
241 39
241 40
240 41
240 42
240 43
239 44
239 45
239 46
238 47
238 48
238 49
contour 183 size 32
250 21
250 22
250 23
249 24
249 25
249 26
248 27
248 28
247 29
247 30
247 31
246 32
246 33
245 34
245 35
245 36
246 37
246 38
246 39
247 40
247 41
247 42
246 43
246 44
245 45
245 46
245 47
244 48
244 49
244 50
243 51
243 52
contour 184 size 161
253 95
253 96
253 97
253 98
253 99
253 100
253 101
253 102
253 103
253 104
253 105
253 106
253 107
253 108
253 109
253 110
253 111
253 112
253 113
253 114
253 115
253 116
253 117
253 118
253 119
253 120
253 121
253 122
253 123
253 124
253 125
253 126
253 127
253 128
253 129
253 130
253 131
253 132
253 133
253 134
253 135
253 136
253 137
253 138
253 139
253 140
253 141
253 142
253 143
253 144
253 145
253 146
253 147
253 148
253 149
253 150
253 151
253 152
253 153
253 154
253 155
253 156
253 157
253 158
253 159
253 160
253 161
253 162
253 163
253 164
253 165
253 166
253 167
253 168
253 169
253 170
253 171
253 172
253 173
253 174
253 175
253 176
253 177
253 178
253 179
253 180
253 181
253 182
253 183
253 184
253 185
253 186
253 187
253 188
253 189
253 190
253 191
253 192
253 193
253 194
253 195
253 196
253 197
253 198
253 199
253 200
253 201
253 202
253 203
253 204
253 205
253 206
253 207
253 208
253 209
253 210
253 211
253 212
253 213
253 214
253 215
253 216
253 217
253 218
253 219
253 220
253 221
253 222
253 223
253 224
253 225
253 226
253 227
253 228
253 229
253 230
253 231
253 232
253 233
253 234
253 235
253 236
253 237
253 238
253 239
253 240
253 241
253 242
253 243
253 244
253 245
253 246
253 247
253 248
253 249
253 250
253 251
253 252
253 253
253 254
254 254
