35.6593
1 240.47 125.276 53.6018 67.6716 -38.2828
1 166.342 230.34 53.3717 61.6634 25.6709
1 108.038 204.743 45.6269 81.0918 75.6291
1 61.0423 28.3976 38.1273 81.6831 11.2597
1 100.013 147.912 36.792 46.5867 -6.52498
1 210.086 207.975 66.4044 70.5215 59.4111
1 144.448 151.309 43.9039 70.6266 -82.357
1 236.486 264.205 55.5913 61.762 65.5193
1 131.306 45.2621 62.4049 68.9038 69.2543
1 258.589 241.317 47.4069 59.5108 -83.9003
1 42.8619 71.9221 34.5402 36.6417 -23.9802
1 29.576 116.328 36.1802 83.4315 81.5988
1 162.736 98.078 35.9506 65.6014 59.9182
1 70.9166 112.301 39.8258 47.0352 25.8421
1 112.682 73.103 44.9206 71.2232 -53.4917
1 35.1794 28.9262 32.9569 37.5146 37.7843
