42.1932
1 244.485 266.445 41.1652 76.9398 33.9946
1 132.018 243.696 61.8628 77.5388 21.8956
1 267.545 103.268 60.3556 61.9993 18.2196
1 111.621 48.3465 37.7348 57.5775 6.76124
1 49.4703 81.7777 50.9971 71.7146 -67.5434
1 185.574 163.231 43.7411 47.3668 77.9261
1 81.4784 96.3137 57.7628 71.6536 28.2832
1 46.4604 137.205 53.9802 54.4365 70.8398
1 107.555 214.193 38.4321 78.2394 65.8429
1 220.492 210.178 59.5188 61.7999 37.6112
1 220.352 139.312 35.8044 37.58 -75.8357
1 195.455 218.2 47.5832 69.9088 -64.1692
1 169.176 40.5201 56.2273 59.2875 -10.2653
1 201.729 86.5578 32.3924 48.2295 72.4542
1 159.571 87.9015 30.1314 54.3622 -67.8277
