40.8641
1 142.561 43.2561 60.0076 75.4309 -83.476
1 35.3862 206.598 60.0904 63.2702 -0.255578
1 175.575 255.305 66.3332 70.1755 -11.38
1 182.565 132.291 45.5296 49.6111 11.6171
1 246.022 119.204 63.7844 69.9134 55.6229
1 43.9941 157.498 37.168 79.6272 -21.8082
1 89.6455 232.304 51.5402 57.3227 -5.57636
1 60.5012 264.255 45.7507 53.3611 9.87483
1 184.469 197.19 69.3183 71.696 -12.4844
1 108.175 165.528 55.1073 67.6095 -89.0927
1 264.449 243.247 29.7985 39.7176 -17.8201
1 20.5364 101.06 31.7553 37.822 70.4157
1 68.5628 183.31 92.0742 148.835 -30.5507
1 172.484 50.4445 41.8683 55.6253 -12.2284
1 40.5894 63.0505 29.2067 51.2944 -31.4195
1 238.166 142.695 56.159 63.8876 -31.2537
1 144.553 213.271 50.0877 52.398 45.0008
1 115.552 136.739 34.9765 82.3423 -88.0921
1 262.517 195.25 43.8631 44.1147 -7.38633
1 246.467 203.019 39.8215 55.4092 78.9298
