53.9261
1 177.663 185.426 65.7653 91.295 14.5441
1 241.457 95.146 71.7471 97.5173 85.9089
1 41.5133 241.259 70.3824 76.1064 -8.21457
1 89.634 178.283 70.585 104.204 -32.5398
1 88.5143 64.1305 38.2544 80.318 75.9568
1 186.444 78.1527 42.3256 100.454 -61.9312
1 211.382 249.189 64.0719 120.225 -29.6584
1 49.4108 97.362 33.9036 68.5133 -0.35227
1 142.077 213.415 43.8291 65.068 22.1602
1 81.1667 112.295 38.7428 48.9127 7.10002
1 215.485 40.2465 72.3283 80.2745 -65.9071
1 257.053 267.539 34.1134 69.6905 -8.78905
