42.5341
1 198.514 212.325 55.2882 65.9235 -25.0508
1 237.583 65.2446 42.3967 66.1738 43.9983
1 163 71.5429 50.3531 73.5904 12.7673
1 72.2617 88.4344 56.5735 75.4641 -47.663
1 35.5735 152.175 44.4828 68.1069 44.1963
1 220.019 264.143 43.9284 66.1258 -70.8945
1 182.902 118.049 48.1105 57.791 -86.5737
1 235.53 129.29 40.2523 48.3776 20.7459
1 92.1893 213.384 50.475 67.612 37.1957
1 262.537 82.2826 34.4021 54.3248 19.3344
1 256.665 260.386 33.7965 58.3576 -89.438
1 203.455 167.065 29.3765 31.322 33.2199
1 127.372 134.325 55.4835 70.0463 -68.4979
1 102.782 236.05 45.8402 53.6798 81.2339
1 269.512 191.627 40.0322 57.9222 0.32969
1 68.3321 55.3996 42.322 76.7255 -19.8895
1 62.4918 159.216 40.2265 42.3627 -44.9423
1 262.397 145.196 29.8493 60.5655 -68.4413
1 106.569 157.193 40.6178 59.9333 -82.0434
1 251.414 213.408 33.1425 35.525 17.5762
1 122.372 215.778 31.9308 42.2321 -34.9575
1 103.123 57.6635 32.3953 40.2402 -38.1936
1 200.038 88.2817 38.2329 48.7097 45.2108
1 140.43 158.181 40.7528 66.0338 -9.76861
