47.8479
1 156.486 82.3176 62.1419 66.0845 -1.57375
1 233.459 61.1559 40.3341 88.4806 -58.8676
1 189.512 25.3345 31.6215 49.6026 -28.2023
1 247.95 151.542 48.609 85.5287 -7.71232
1 78.5067 205.254 60.3669 70.2745 44.2454
1 130.751 46.4267 34.582 79.1946 -10.1463
1 106.563 105.337 54.3237 70.4986 -14.1264
1 176.175 231.684 59.9899 82.3876 50.873
1 37.0567 200.398 54.4638 63.179 -8.11467
1 271.419 262.935 31.7862 63.9724 66.4787
1 240.027 263.595 39.8784 73.6214 -59.6311
1 122.474 164.236 48.3833 56.0679 -58.677
1 140.064 149.399 38.0519 85.5428 65.7919
1 191.518 266.395 39.4809 53.2662 -66.5491
1 64.4526 168.829 35.6551 43.9864 -39.2218
1 204.862 170.058 61.5613 73.1354 -13.4194
1 229.498 99.2285 37.8026 54.4282 -75.0867
1 203.476 228.633 39.5647 52.5666 43.4521
1 248.254 231.136 34.3175 77.3538 61.8663
1 227.284 85.9664 18.9088 33.3455 -43.7274
1 259.821 249.822 15.4165 31.9101 -88.3044
