49.7787
1 191.527 229.3 53.5611 53.6619 83.6795
1 187.52 40.1524 37.8359 61.3873 79.9414
1 115.479 207.143 55.3791 59.6936 -44.8584
1 125.617 257.25 37.8852 47.2128 -60.1128
1 66.4224 155.332 31.9652 69.1849 -8.05946
1 230.681 275.37 34.313 70.2691 19.8324
1 78.4953 133.228 42.4032 48.4606 -62.3357
1 252.502 195.297 72.2197 72.2501 85.2464
1 105.64 74.3544 56.7811 74.1751 -39.5384
1 39.4814 67.1146 41.9827 46.3659 -28.222
1 38.5224 103.83 39.7269 46.4417 69.7427
1 219.556 94.3057 55.7068 73.5186 4.70282
1 143.537 182.229 44.2489 50.2679 45.4333
1 247.466 79.096 42.4227 74.0962 -84.2957
1 267.62 119.369 33.7901 37.1619 41.9228
1 182.517 259.257 67.5445 73.5173 55.5645
1 170.341 134.205 35.7177 45.7626 26.6417
1 66.7203 235.118 46.0546 49.6751 13.0423
1 54.7411 218.933 46.9989 51.1602 75.5503
1 151.24 88.2311 49.2293 51.3485 61.9239
1 127.511 125.21 48.0544 68.4564 53.3676
1 140.457 49.998 38.0248 55.8378 -35.667
1 126.754 58.8999 17.5851 25.3759 63.102
