55.9564
1 53.5266 41.2972 73.6575 75.8242 34.7292
1 163.476 250.159 43.5493 79.5559 -66.0312
1 161.518 108.284 47.7291 57.6688 11.6145
1 247.477 269.347 40.2385 70.3473 -25.3147
1 221.441 172.276 76.2901 100.204 -36.18
1 42.5632 105.267 39.5311 51.7405 40.0534
1 162.469 60.1479 29.4991 51.5001 -57.2683
1 133.513 171.039 36.4097 72.1475 -75.1201
1 82.0239 196.491 71.9466 87.0179 -52.0529
1 213.603 250.788 36.2874 67.5565 -81.385
1 252.444 185.173 38.3971 74.3566 -65.2906
1 240.481 121.322 41.4958 47.5204 -6.26019
1 144.943 223.409 34.9718 54.3236 -29.8788
1 72.5057 235.271 48.5551 50.0501 59.093
1 85.6343 99.938 31.4938 67.8781 -71.2561
1 101.46 53.276 46.3964 52.0015 84.9978
