# center_row center_col major_diameter minor_diameter angle_deg score
141.969 246.952 82.5979 38.7372 61.0396 0.816785
251.956 46.9907 81.9111 34.9007 -82.9792 0.895487
192.229 146.045 55.4404 44.6284 18.3163 0.823551
232.972 145.026 66.3995 46.7206 89.3937 0.842934
40.2516 36.9699 43.7392 33.3823 10.2181 0.926308
164.062 41.5142 83.8452 31.1529 66.0153 0.829252
144.159 95.4421 63.9035 54.8426 70.6483 0.86446
209.807 88.0147 57.1646 34.7962 37.5467 0.825757
80.0056 222.994 84.866 46.6186 -37.4374 0.781826
