55.4798
1 90.4717 59.3194 39.6656 61.7307 -21.3629
1 91.5256 240.212 56.1555 64.4134 53.347
1 175.691 268.931 44.4428 61.1097 -65.3144
1 138.985 56.8192 34.0595 44.9812 -73.1966
1 110.623 114.377 37.7642 54.0296 -16.9251
1 76.8397 200.321 56.2615 62.9006 -28.6889
1 122.542 196.142 43.9194 53.5146 -32.5753
1 42.5763 132.742 39.0074 72.4194 62.5692
1 269.911 51.6713 56.0368 61.4434 83.931
1 234.511 221.111 39.8536 67.7644 33.0947
1 264.364 102.08 29.7678 43.7263 -60.6545
1 251.42 268.34 29.9991 44.6197 -86.6598
1 223.805 270.298 34.7819 40.4844 66.0014
1 49.914 143.021 28.7527 47.2958 86.3281
1 262.513 227.336 34.2961 62.4376 4.96359
1 248.552 193.865 30.6473 37.5397 7.73546
1 151.801 125.44 42.1787 57.5802 -6.9541
1 143.608 250.566 39.8955 59.039 73.2446
1 132.515 150.144 29.572 43.2414 -52.9825
1 191.091 76.4301 39.7573 58.2777 13.1532
1 232.764 86.6368 31.699 41.2719 53.9295
1 202.785 100.243 50.0931 57.9418 -1.60815
1 123.771 96.4866 38.3794 48.9611 11.4281
