47.0801
1 96.022 104.771 78.498 82.3506 59.5326
1 48.2406 242.517 39.7637 94.3254 -28.7192
1 252.776 252.803 61.4594 72.6536 67.8047
1 131.888 171.508 33.9107 71.7574 -16.4179
1 103.491 269.944 34.8746 64.0608 -6.00728
1 243.942 87.0552 32.7767 44.6632 -19.9898
1 201.023 234.921 28.7133 68.3189 -56.3826
1 121.219 217.156 37.5868 48.532 -43.441
1 69.9335 37.0796 38.7375 43.0187 -55.0107
1 201.682 161.268 59.4295 65.7722 10.4325
1 261.174 135.088 42.8248 72.5958 77.8464
1 33.1848 54.559 49.3269 60.6266 -1.18194
1 166.776 52.4721 42.4231 112.242 -64.4626
1 53.1067 109.018 28.7973 32.9942 26.7609
