16.5677
1 309.475 186.062 46.1846 58.9369 -60.6042
1 275.825 249.838 43.7696 56.564 -75.0735
1 255.3 152.574 41.3758 55.3937 -61.2498
1 245.867 310.857 40.7477 54.9068 -85.5418
1 224.853 212.93 40.2605 53.423 -72.6597
1 180.025 473.702 34.0881 48.0925 75.9438
1 219.756 368.971 38.0058 53.601 86.434
1 208.029 123.587 37.5054 52.3279 -61.7687
1 175.611 326.934 38.2044 49.823 -88.7226
1 197.868 271.098 37.7596 51.9246 -83.7627
1 198.441 423.273 38.0253 51.0515 82.0925
1 180.133 180.931 35.7518 50.1578 -71.8873
1 156.174 236.292 34.6525 48.8379 -79.5416
1 165.795 97.8792 33.5829 49.3132 -62.4282
1 135.321 289.401 34.9525 47.0762 -86.4361
1 155.758 379.41 35.3711 48.0452 85.2408
1 119 205.263 32.2498 45.7569 -78.2415
1 140.752 152.279 31.8851 47.7032 -71.4812
1 117.456 340.603 32.1446 45.7335 86.0128
1 99.5586 255.973 30.6271 45.0898 -85.6918
1 83.4502 305.005 27.8107 43.6239 88.7343
1 70.2879 351.656 25.9591 42.8728 83.2174
1 102.652 388.562 28.6141 44.6474 82.9991
1 139.155 426.168 31.3626 40.026 72.52
1 302.382 185.752 18.0725 35.324 -61.7867
1 150.97 380.342 27.6762 43.2696 86.0986
1 194.759 422.765 28.8826 42.9241 80.2896
