36.0583
1 255.012 113.984 54.7601 58.6297 -41.7425
1 132.982 198.024 41.7317 73.0754 -37.6061
1 249.867 252.997 53.5005 57.4927 46.2091
1 38.1692 236.955 58.7305 63.1973 -34.3923
1 151.669 237.064 48.6026 63.3194 -0.508601
1 159.823 141.987 30.6982 54.9715 -19.1704
1 200.406 83.6374 52.1278 66.294 63.6073
1 273.778 47.207 31.4236 54.5616 65.7323
1 31.9914 67.0923 28.8045 60.7228 -74.9713
1 129.451 40.3786 61.1093 93.0987 -11.6534
1 231.528 220.136 62.3691 132.189 60.1007
1 64.945 92.1054 38.9519 60.6803 84.1313
1 116.912 259.331 33.3395 52.4995 -68.9892
1 232.526 196.992 51.6112 55.033 -53.4357
1 107.067 133.957 50.4665 65.1952 3.43117
1 48.4383 175.098 37.0665 57.5091 33.6629
