43.3671
1 97.8563 43.5735 51.8934 91.9219 15.3003
1 242.501 227.315 71.7383 83.5479 -17.3323
1 251.376 79.2784 46.5455 102.07 -43.5419
1 76.1292 127.972 53.3055 69.7584 -34.5556
1 40.4358 53.2161 36.2961 84.2491 -87.0535
1 124.493 120.044 46.2718 100.788 83.7454
1 63.4882 184.184 29.4779 61.8072 -48.6583
1 131.502 221.217 43.6288 53.657 -65.7534
1 206.19 110.563 70.5552 73.1132 -46.0189
1 211.59 268.278 38.5502 56.2195 25.9387
1 101.303 203.778 46.2664 49.3033 -74.3139
1 178.918 90.1303 31.2875 40.1529 37.9445
