51.143
1 243.538 114.255 60.0506 72.0208 -66.4743
1 61.996 82.1011 58.6069 62.6289 -51.8716
1 89.6865 270.95 46.6629 61.3796 4.58195
1 72.7338 145.866 28.7795 55.3823 40.0563
1 167.903 115.937 29.0015 56.2949 -85.5249
1 134.045 209.044 32.7104 40.9139 66.7037
1 54.9783 196.011 39.3677 53.4481 -49.8201
1 33.0008 135.992 40.7597 48.6774 67.9254
1 54.3499 46.9669 46.2493 54.992 41.5109
1 169.735 52.0999 46.6101 71.1775 5.34035
1 106.013 28.8381 32.3753 52.7237 -30.7469
1 194.979 242.003 40.7826 64.4404 -62.979
1 196.985 191.025 30.7299 60.5745 46.9657
1 150.059 246.043 43.7727 49.2817 -68.8367
1 241.407 223.583 27.4808 30.7449 19.4301
