36.4431
1 39.0019 162.996 50.8071 62.5497 -80.2947
1 271.007 157.974 34.7777 72.517 -56.0657
1 134.963 269.051 49.3796 59.2545 54.3903
1 188.921 181.962 40.9185 58.7763 -13.9542
1 179.001 66.8798 54.5208 62.8099 -35.6685
1 145.108 219.046 32.7425 64.3537 -0.864441
1 81.9392 147.025 46.8396 52.8472 62.2659
1 72.0564 231.818 56.3539 60.7276 24.1426
1 180.891 101.763 40.7784 53.165 52.5386
1 259.846 256.046 28.8575 50.9654 -46.2895
1 246.116 214.152 34.391 47.1721 32.5437
1 83.0261 273.851 35.6338 37.1679 -9.86082
1 220.946 81.9545 34.9078 38.9364 63.0515
1 44.1847 92.0444 46.7874 57.3265 -73.4623
1 221.855 270.131 33.231 65.9289 -39.9862
