37.3034
1 35.057 141.996 42.7905 50.8163 -16.5015
1 135.055 33.9743 58.6196 62.8515 -0.859457
1 88.6989 68.0274 37.1245 69.0241 38.4741
1 97.6326 262.985 61.1588 65.2273 -58.4624
1 188.22 116.554 42.6544 71.1733 -13.5224
1 78.9668 209.934 46.7569 62.5464 -66.8143
1 152.569 249.084 57.3173 70.5985 2.74499
1 225.31 65.041 32.9187 34.1463 6.24224
1 143.908 83.0844 37.6674 48.756 -41.129
1 194.844 211.63 46.9727 76.5308 35.3993
1 77.0391 121.36 37.4188 40.946 41.1364
1 260.556 209.104 47.9653 76.5218 31.5914
