53.5218
1 271.017 41.0206 33.4216 61.3547 74.2409
1 39.9799 164.854 32.7676 66.0574 80.3333
1 232.543 64.5399 37.5833 58.0912 67.3107
1 71.9149 25.0763 40.8146 50.8636 23.8537
1 176.878 132.083 36.7182 39.0627 -30.844
1 86.5617 107.921 54.965 57.1924 -65.0769
1 32.1423 215.888 34.7142 47.0331 -53.9576
1 207.042 252.073 50.7194 64.6325 49.5793
1 139.113 46.0991 46.8359 64.759 65.777
1 53.0619 57.9024 51.0165 60.9379 71.7171
1 228.761 28.7385 36.5023 61.8442 43.2513
1 209.992 195.979 30.715 54.4802 -44.6696
1 174.711 61.8632 28.9747 37.1421 45.4661
1 229.657 145.048 49.3967 54.5576 37.9954
