# center_row center_col major_diameter minor_diameter angle_deg score
143.962 198.007 90.7247 60.8063 -34.3193 0.814864
113.013 48.9328 84.4717 54.7678 -71.735 0.813808
62.0625 115.354 91.9715 86.6555 -32.1996 0.809485
243.842 124.973 60.9803 56.9242 -33.1868 0.821054
246.727 55.1356 89.8377 45.6324 -34.4847 0.800713
75.8276 238.136 72.873 71.0362 -57.8995 0.811494
45.2434 206.219 45.2051 42.8034 74.5729 0.792477
189.886 119.076 86.5517 74.542 25.6657 0.780333
122.117 99.0705 38.4955 28.5238 68.8438 0.788155
