49.4712
1 208.526 223.292 58.1133 74.2712 -2.35182
1 132.479 64.2141 62.4118 78.0907 -83.9241
1 36.4912 98.2414 66.4654 68.1002 -66.7472
1 58.3925 115.315 59.7011 69.7501 -75.7314
1 23.3767 180.31 35.6104 88.7877 -79.4864
1 210.51 126.313 29.7521 45.2214 -5.45885
1 122.483 262.295 49.5012 49.5631 30.2026
1 171.795 77.4144 35.52 57.041 39.3969
1 123.819 164.126 32.1028 52.033 -7.54132
1 145.622 242.273 40.2721 95.6711 43.8012
1 107.4 218.487 35.6843 65.2769 -12.5985
1 51.7498 182.337 40.3899 45.0546 -56.0881
1 173.428 158.388 58.045 90.7384 26.2315
1 177.377 211.097 33.9595 48.3213 -18.6748
1 146.946 116.863 32.23 35.3315 15.8655
1 123.985 219.292 17.9184 31.3659 -32.8259
