35.1918
1 31.9986 266.985 56.8786 58.7985 -52.4539
1 50.2109 177.937 30.856 64.7428 -4.45368
1 218.984 175.015 50.8161 62.5942 -47.2635
1 147.992 229.349 54.9649 74.3666 56.7853
1 159.8 60.8313 50.6984 63.448 -48.3375
1 132.197 144.087 35.2439 36.5693 -42.3609
1 37.04 108.076 38.9658 58.4897 -71.0157
1 173.821 146.337 41.0454 51.2259 -83.5412
1 263.594 151.166 40.8848 45.5645 3.04833
1 165.076 267.078 37.4031 47.06 13.6903
1 163.926 171.365 40.4865 41.871 77.3533
1 188.829 33.1556 30.7942 33.0154 -25.5217
1 235.418 236.992 37.0146 69.6296 85.7153
1 262.979 70.3401 38.1158 62.8368 28.0239
