38.0752
1 109.616 178.385 49.8498 76.4333 38.3673
1 140.988 63.0605 34.7962 78.3611 -54.0214
1 182.164 257.987 34.8866 62.8765 7.95538
1 123.809 257.95 41.1178 66.6412 76.9367
1 263.786 66.361 47.6154 79.3132 -83.1805
1 44.2919 67.9892 39.9949 88.4882 34.8525
1 179.859 163.847 52.1506 58.6248 -50.7531
1 229.955 252.009 42.7975 48.8446 42.0436
1 88.1112 258.077 42.8119 76.5122 -88.6462
1 129.902 99.0607 28.3943 48.3089 1.80546
1 235.936 120.858 42.8069 46.5634 -73.8403
1 189.29 112.305 31.1245 43.8915 15.9834
