7.26516
1 178.189 178.709 121.721 176.113 -56.2305
1 303.202 503.048 101.543 183.527 -15.7517
1 126.817 348.797 179.685 188.219 60.3058
1 115.401 165.618 97.0416 198.015 69.8499
1 360.179 133.908 130.782 143.479 88.2748
1 473.022 377.246 172.905 183.545 -0.440419
1 454.212 252.572 145.494 197.161 -57.0012
1 293.522 323.913 169.133 192.417 -43.9413
1 487.918 164.18 138.806 157.728 -32.2501
1 222.817 225.271 132.615 179.636 5.30519
1 497.364 175.532 105.455 120.491 -78.0702
1 412.895 125.387 87.7047 129.65 -48.6975
1 490.821 360.656 94.7051 126.797 -0.87652
1 184.386 524.422 80.007 95.321 88.9923
1 329.189 321.946 156.501 185.119 42.5311
1 494.424 391.394 83.623 156.789 -38.5009
1 379.188 142.481 86.2059 124.766 -76.048
1 305.908 283.879 96.3932 124.584 -12.892
1 245.754 538.169 81.5737 112.229 6.24778
1 190.324 450.355 114.114 133.19 -52.2585
1 478.395 239.866 105.28 128.305 4.03695
1 352.936 295.355 107.611 135.167 35.8281
1 496.621 374.388 116.863 147.64 7.89913
1 386.654 119.802 80.0274 88.4295 -89.0794
1 490.113 351.384 112.141 124.008 -0.567499
