10.5264
1 161.484 504.395 175.801 193.547 -2.32159
1 439.715 127.457 146.508 152.131 -89.0169
1 155.237 463.662 135.505 176.975 -39.2146
1 484.421 475.589 139.305 180.125 -32.1174
1 99.8036 374.513 161.591 177.036 -79.4697
1 136.224 468.314 104.13 134.201 51.1913
1 117.62 409.988 124.716 162.288 -0.448221
1 139.347 203.903 123.497 161.675 -35.624
1 402.768 184.548 107.587 170.767 -84.2105
1 325.688 102.774 96.0498 123.182 -51.2436
1 117.314 62.3333 106.957 199.189 -0.317173
1 133.957 419.91 107.357 138.15 -33.8509
1 100.266 97.0617 168.083 186.24 89.4795
1 504.696 512.365 111.725 133.619 85.4545
1 298.251 153.557 95.7356 151.204 -41.5163
1 218.353 279.418 93.251 96.7633 -14.2018
1 378.462 192.595 111.585 123.25 -85.784
1 71.5616 98.4245 87.5189 145.832 69.7924
1 425.954 496.092 113.402 134.455 86.034
1 71.2251 61.3233 56.8321 79.7825 45.967
1 226.523 290.645 119.752 142.84 -28.6745
1 289.877 191.613 158.066 188.366 -22.638
1 132.439 270.177 90.8524 131.649 20.2427
1 395.497 177.721 89.9951 155.781 -77.3847
1 456.364 496.567 81.3025 118.521 -71.2066
1 174.843 188.12 119.619 133 -36.0654
1 476.136 515.635 78.2317 83.6599 47.9057
1 84.0016 76.7393 85.1574 129.175 36.719
1 443.395 515.613 57.6777 77.4919 56.4818
