3.99934
1 454.791 495.356 118.561 119.347 -43.3366
1 130.407 362.806 134.009 199.604 -58.5889
1 367.045 89.4755 153.532 159.638 88.4297
1 391.07 52.764 87.226 190.874 2.42352
1 252.784 269.706 118.567 126.719 51.3847
1 70.77 96.9424 120.592 150.625 -83.2176
1 373.991 86.6442 88.2392 159.344 84.7719
1 387.092 402.231 128.322 153.566 52.4267
1 342.986 403.415 177.499 193.466 -7.07486
1 354.292 74.7555 80.6413 131.208 -79.0055
1 69.976 154.788 124.624 142.122 84.7729
1 63.2578 113.331 101.785 103.871 76.8219
1 133.309 280.367 132.394 192.475 -59.8208
1 89.7022 131.627 153.35 162.455 85.5564
1 245.909 314.025 99.1781 108.354 -47.7905
