10.0235
1 66.8398 133.225 123.671 173.04 -87.8794
1 318.363 223.02 128.167 149.319 85.3577
1 320.016 84.5565 129.531 144.608 -4.8563
1 121.532 456.504 149.774 165.647 71.9416
1 531.256 447.65 114.282 140.014 88.3998
1 181.017 333.3 159.58 171.156 -12.1447
1 508.842 145.301 104.711 188.438 -86.386
1 474.792 466.152 146.531 190.721 19.5992
1 130.437 113.161 172.486 190.804 16.8381
1 190.328 352.657 113.261 160.625 -23.1613
1 382.324 207.605 103.902 162.849 42.9659
1 113.562 325.421 97.0283 101.532 69.774
1 151.09 430.39 115.222 193.975 -84.5491
1 187.722 374.383 144.348 188.149 -46.0245
1 516.052 484.136 93.7941 134.019 89.5643
1 518.072 522.192 79.9403 87.0182 -6.04409
1 112.845 89.6452 92.2426 138.563 56.9865
1 459.893 115.033 116.405 145.372 -42.3751
1 472.447 498.004 126.112 176.729 -1.2084
1 503.816 115.053 117.968 123.365 37.9143
1 501.543 515.479 115.668 133.102 -80.4896
1 467.185 124.267 151.308 193.742 20.2517
1 249.584 168.967 122.012 161.134 3.16661
1 86.8051 102.948 119.184 128.803 -19.1509
1 477.032 96.7489 56.9405 91.1987 -54.9137
1 285.079 194.431 119.252 181.364 53.6414
1 119.926 424.876 96.6373 163.327 8.89786
1 356.854 124.028 80.8699 83.3726 38.572
1 452.585 106.053 90.0746 135.004 -39.9042
1 88.3442 123.706 89.6487 158.262 71.4782
1 102.302 73.2255 83.7327 85.6773 82.1888
