4.42647
1 127.955 101.838 128.103 165.063 -70.4854
1 133.045 266.61 139.878 192.66 -58.4423
1 318.211 464.177 143.392 171.099 -5.95358
1 338.772 212.547 147.922 148.63 2.22383
1 473.045 522.734 126.57 172.833 4.50468
1 330.245 146.725 176.151 195.667 -32.2417
1 481.2 488.285 97.7923 183.193 -16.1665
1 166.142 219.545 100.277 136.145 -55.4309
1 194.683 129.134 137.83 173.433 -4.45879
1 436.104 486.888 82.6761 92.063 65.179
1 308.579 275.175 141.752 151.275 -11.1331
1 383.435 429.692 126.476 135.449 -43.831
1 418.601 422.939 108.306 148.37 -66.9833
1 186.837 159.938 119.161 152.183 55.216
1 248.552 295.303 119.331 168.795 79.0394
1 183.094 156.897 80.5498 105.41 -32.8713
1 276.589 274.522 83.2131 116.556 68.3018
1 228.758 252.008 97.9394 100.774 74.5607
