4.81949
1 65.6949 339.955 103.723 190.866 -83.2062
1 506.126 239.656 156.86 165.839 0.91246
1 176.059 127.884 126.813 174.182 37.2138
1 522.729 245.861 90.8915 136.122 3.1604
1 346.171 188.208 116.771 169.538 -21.9529
1 107.453 285.641 102.739 161.696 34.9805
1 245.33 257.035 88.3462 143.052 37.9503
1 165.577 150.119 120.707 184.154 -9.0183
1 339.883 294.586 110.778 164.216 40.5779
1 528.78 282.225 96.9181 107.644 -17.9108
1 217.797 288.796 134.073 175.873 55.0805
1 504.329 274.065 118.017 155.963 1.43531
1 307.543 179.074 167.28 177.003 0.0210851
1 395.183 289.603 86.0871 168.514 -80.7499
1 90.9221 296.701 115.981 127.514 68.5865
1 102.77 246.458 113.91 142.747 -11.0716
