3.85686
1 338.449 149.999 122.872 187.764 -22.7983
1 216.918 237.35 104.06 142.708 -7.43392
1 279.678 512.797 171.32 189.737 -0.230947
1 320.859 487.275 163.331 192.472 80.0389
1 351.955 522.457 119.193 157.782 -11.5661
1 87.2255 209.737 108.499 124.433 -63.0162
1 81.9181 296.829 78.6497 102.537 87.1588
1 282.716 134.966 117.673 161.194 73.5185
1 345.249 536.29 86.0176 95.0341 -82.5702
1 102.86 298.536 117.229 131.339 59.5398
1 205.191 184.285 157.083 186.019 76.8778
1 108.038 246.349 115.675 124.158 54.2691
1 105.461 272.28 69.7636 106.37 19.2868
