9.97042
1 425.478 255.673 98.3157 195.561 -10.2659
1 107.999 421.873 124.41 142.007 -2.70792
1 224.807 474.483 113.507 153.199 13.7091
1 453.277 446.186 126.537 181.642 58.626
1 208.765 209.413 156.672 159.588 41.4437
1 338.1 88.1244 149.324 186.18 -0.785289
1 531.036 317.447 80.9711 113.341 83.8522
1 303.058 116.727 173.711 199.217 82.2491
1 276.944 86.437 150.073 155.341 89.8842
1 212.135 430.404 129.057 149.793 -38.8405
1 117.49 189.773 91.3334 143.079 -85.3511
1 174.968 415.863 105.264 148.651 71.3308
1 101.885 211.259 105.775 127.796 -66.1024
1 177.623 399.502 150.391 162.111 -19.8352
1 481.868 218.512 99.7873 104.957 21.4027
1 343.311 68.033 103.364 165.711 4.64998
1 160.302 213.006 80.2461 123.181 25.8952
1 312.416 85.522 78.6953 122.818 88.7513
1 475.279 211.598 114.381 159.111 -78.0872
1 494.298 66.7989 113.943 157.702 4.48701
1 508.243 457.989 111.926 134.121 -82.2784
1 531.595 74.1339 73.6439 84.5561 -53.3944
1 143.034 205.817 26.2401 74.4022 -87.6156
1 531.196 53.0395 83.1258 94.2634 82.2982
1 472.244 486.835 41.8546 84.3851 59.2296
1 187.901 207.036 97.5312 139.445 -11.7109
1 509.685 86.1692 106.466 135.807 -43.6156
1 485.324 438.088 39.7658 58.4492 -5.33774
1 526.347 69.6374 90.1096 103.094 -8.69176
1 455.303 498.972 84.4895 104.318 63.4882
1 530.418 81.9936 93.5458 117.916 76.2559
