4.08416
1 373.678 259.939 163.852 186.894 11.6719
1 438.031 439.744 164.176 189.857 89.2022
1 180.643 205.945 127.413 138.811 87.9633
1 403.16 237.83 134.058 164.195 33.4022
1 95.9227 272.044 124.388 133.946 12.6888
1 448.498 482.541 95.3622 115.328 -6.13553
1 153.546 343.14 137.675 162.917 -22.0269
1 231.367 325.549 109.611 187.45 54.3918
1 409.368 201.321 130.447 156.065 -50.3252
1 381.853 132.608 119.716 148.794 53.7555
1 521.376 485.296 104.251 119.9 75.6284
1 403.79 134.101 119.019 141.392 -49.8493
1 477.128 428.708 150.62 198.562 59.3066
1 506.056 455.774 87.3211 143.823 -50.0012
1 218.921 278.912 84.0996 114.801 19.2389
