17.283
1 492.689 113.777 175.794 184.184 -3.30439
1 513.239 132.498 111.523 149.658 83.8017
1 520.811 226.359 132.191 161.486 81.1441
1 219.042 490.705 113.917 157.659 32.2972
1 232.505 461.188 165.237 174.333 -75.0351
1 329.392 439.624 166.727 198.199 -19.7325
1 104.847 107.21 88.7877 184.138 56.2692
1 123.983 51.1781 94.6307 132.692 -1.07573
1 293.283 463.073 96.1252 183.439 -39.1594
1 90.1083 74.121 100.235 126.492 -33.3582
1 271.882 106.537 94.87 178.96 -45.0905
1 327.836 90.5647 105.081 125.751 50.8022
1 346.905 124.93 172.4 176.074 89.0616
1 468.096 171.386 192.593 195.327 -79.9149
1 500.869 181.585 92.5248 128.208 0.969463
1 485.471 148.446 96.7235 163.327 9.59658
1 271.597 59.7801 95.7234 166.04 2.28102
1 354.066 465.459 86.2279 172.869 -34.4617
1 97.0668 58.9888 66.1104 85.3461 37.3406
1 303.856 96.5654 113.515 182.378 -16.9767
1 68.9694 92.7563 85.9613 130.579 86.1547
1 307.169 108.54 84.0533 143.094 -68.144
1 304.329 57.7239 86.8031 92.814 68.4008
