4.84213
1 350.322 497.93 155.757 172.913 -42.6162
1 424.031 129.731 133.521 197.551 -55.8351
1 327.486 103.748 90.8963 151.089 -45.2027
1 368.233 145.831 170.361 183.731 -29.6225
1 338.86 518.472 84.2798 133.616 12.8703
1 417.812 97.3376 101.268 160.699 -63.3398
1 417.754 452.627 149.271 166.881 -88.3344
1 379.054 458.714 166.154 169.362 34.6527
1 453.083 530.395 93.1817 95.936 59.6575
1 389.92 118.003 115.559 134.581 8.89374
1 446.403 489.678 121.055 144.048 12.8334
1 429.897 79.1321 81.7737 85.9352 54.2263
