8.83996
1 135.281 515.549 119.238 197.117 5.02289
1 239.758 285.458 149.994 197.626 82.6198
1 458.498 476.109 133.938 175.51 82.3087
1 503.938 192.839 90.0847 181.881 -74.5845
1 114.627 351.923 156.377 175.474 5.63108
1 433.793 463.454 128.034 150.487 36.9595
1 338.974 527.245 85.9932 130.685 2.15652
1 218.532 307.77 108.252 116.159 49.7763
1 484.138 339.029 135.657 154.869 -7.75113
1 426.222 476.298 97.7134 104.408 59.0447
1 436.291 239.866 130.596 156.125 21.5021
1 434.039 318.605 159.434 171.383 -38.6827
1 238.846 325.223 165.023 167.536 -71.1533
1 344.567 453.748 164.773 181.76 78.6288
1 382.148 462.069 106.443 126.779 -87.5283
1 485.467 220.663 101.021 160.772 14.674
1 482.504 237.43 84.8619 104.717 -55.7235
1 67.6294 443.984 95.6187 112.271 79.2168
1 160.077 493.476 110.327 127.138 -25.422
1 120.028 513.845 88.7471 117.868 -83.4067
1 141.939 494.971 77.6994 88.8962 0.866746
1 189.464 463.649 87.34 193.657 -18.5584
1 138.617 347.218 84.1228 161.226 -38.0032
