7.99656
1 99.0585 110.365 127.977 183.565 81.3313
1 292.594 109.021 129.266 137.485 -13.132
1 120.376 123.094 193.942 195.886 -13.6669
1 384.139 162.087 141.454 148.573 50.6854
1 252.044 386.217 150.683 188.655 7.26207
1 334.719 500.377 132.373 146.957 -10.026
1 378.363 234.366 153.097 181.019 46.6568
1 153.976 421.332 97.6824 198.517 85.4708
1 119.513 98.0309 109.686 150.53 69.1942
1 204.12 521.701 93.6036 120.155 -43.9552
1 351.428 436.854 155.949 178.437 51.6899
1 342.017 443.164 118.327 134.539 2.03489
1 350.563 483.95 72.6692 118.925 14.6906
1 80.7602 57.3948 93.6213 98.3364 3.26602
1 249.252 222.103 156.012 174.82 -89.3341
1 165.499 460.182 119.461 125.355 -17.5726
1 252.873 177.651 120.637 158.929 -87.4322
1 345.609 415.907 100.039 162.107 -37.1862
1 220.781 487.384 128.188 151.182 -33.5512
1 193.645 487.133 99.1452 131.97 23.4628
1 303.704 261.245 176.271 199.255 33.4173
1 312.731 403.835 86.9932 169.969 -29.5355
1 115.329 78.0516 66.5383 100.604 -79.7136
1 144.622 94.2202 143.351 158.025 -44.3981
1 94.8208 78.3268 106.104 114.255 -50.9485
