3.96885
1 117.473 132.113 125.819 194.051 -28.6127
1 229.332 462.993 107.42 187.655 -51.6681
1 81.152 265.358 99.9747 114.733 -43.5712
1 363.286 440.902 131.475 146.851 -59.5084
1 265.707 85.8112 120.255 135.799 74.2679
1 80.8313 356.844 92.9442 132.615 -66.4546
1 257.832 107.334 80.2716 112.108 33.3982
1 211.267 205.227 82.5214 175.595 39.5337
1 325.312 309.67 134.891 139.936 73.7429
1 325.944 467.339 97.4886 162.491 16.8506
1 246.044 436.261 93.4713 124.532 -48.3029
1 290.383 202.368 135.882 140.383 26.4106
1 119.875 331.669 136.717 137.674 -19.9115
1 100.211 322.651 85.4917 98.6935 -20.8881
1 226.242 315.584 125.87 144.829 77.6153
1 232.168 61.4019 83.7967 84.7818 67.9226
