11.3937
1 414.191 485.819 112.58 190.416 46.2426
1 153.723 264.834 134.558 137.447 29.0486
1 229.834 92.869 152.866 162.741 88.9874
1 168.604 277.101 160.312 197.327 82.5237
1 227.843 70.2368 117.898 134.179 29.3106
1 83.1959 163.733 113.437 134.669 11.8188
1 511.162 456.018 102.084 157.612 35.453
1 231.983 428.351 128.27 157.506 -87.0697
1 385.853 398.411 104.305 148.934 25.8951
1 132.435 418.894 125.354 132.981 2.27756
1 501.187 423.645 105.553 132.915 -73.4645
1 116.472 428.08 84.4454 173.606 -47.3111
1 104.552 128.83 112.324 192.1 -80.472
1 181.592 49.5344 90.6003 98.7899 -89.5324
1 236.524 408.049 94.828 184.199 -14.12
1 167.894 419.353 86.8616 126.58 14.8505
1 514.765 456.476 71.2995 132.571 23.0886
1 190.225 69.1124 117.918 122.175 13.1691
1 209.841 59.262 79.4603 92.6543 -19.8917
1 214.005 70.2783 74.7936 108.235 -82.0274
