3.68571
1 125.28 477.781 156.4 159.272 11.34
1 403.274 484.394 137.066 193.585 88.5244
1 172.584 171.876 114.084 146.715 8.05555
1 409.913 523.385 133.596 221.848 10.3686
1 113.355 464.355 115.443 124.658 32.7028
1 168.238 195.001 106.473 126.157 89.9072
1 179.917 249.099 152.659 161.912 86.9812
1 72.8444 206.748 85.6773 108.607 78.8768
1 94.269 387.573 110.138 119.846 -79.0643
1 371.192 542.846 88.1182 122.321 6.91834
1 395.867 519.742 112.809 171.371 25.6106
1 124.618 369.248 167.284 190.68 -65.3868
1 127.333 412.408 131.627 190.923 36.2934
1 108.869 398.626 123.217 147.614 25.6121
1 415.654 535.896 93.073 124.835 9.60698
1 88.2697 241.7 89.2845 99.1039 71.056
1 416.965 529.242 79.792 97.6572 -73.3818
