2.80609
1 293.329 129.329 135.939 176.931 -23.4528
1 303.977 292.168 158.132 183.084 19.2955
1 141.789 120.533 100.512 153.727 -11.9403
1 484.254 278.99 158.023 159.765 59.3295
1 156.542 145.912 144.796 149.466 42.9932
1 509.579 197.207 97.8563 169.016 67.7146
1 344.471 337.073 140.158 147.671 -37.0149
1 521.037 245.207 80.3342 161.516 -74.2909
1 253.579 308.724 87.0923 155.535 37.3872
1 388.381 424.9 80.8021 116.17 88.3224
1 416.706 419.67 104.774 121.745 41.4531
1 434.703 395.997 112.568 160.375 -31.1569
