6.01334
1 213.388 161.424 152.434 203.087 65.2157
1 209.829 437.017 95.6795 122.383 -49.5377
1 454.968 76.124 129.54 142.562 -86.816
1 247.709 338.122 85.046 101.331 -31.4106
1 478.936 448.115 167.648 182.114 -20.8236
1 141.271 198.748 99.275 187.477 -73.8941
1 499.145 466.448 90.4383 122.502 25.5874
1 525.394 550.933 81.4091 84.7176 -89.8363
1 489.737 257.505 93.2603 133.558 24.625
1 537.85 170.688 80.8887 122.356 82.1178
1 518.615 317.428 92.6728 188.275 87.0251
1 185.518 384.835 98.0788 145.284 80.8478
1 468.637 494.071 134.429 140.842 38.6305
1 133.575 160.707 94.5706 116.51 13.9228
1 193.948 117.009 97.3926 104.133 -22.1878
1 468.187 215.516 125.972 143.553 -66.1482
1 530.334 92.307 87.6957 91.7653 48.5516
1 224.697 304.271 158.728 160.353 -51.6282
1 455.117 113.571 91.5224 179.207 -51.442
1 490.6 90.0147 88.3944 130.285 64.8089
