3.91633
1 310.496 383.47 160.173 168.807 21.4708
1 473.462 393.816 150.585 189.928 -28.7623
1 427.431 101.773 163.591 168.408 80.3288
1 431.075 285.989 104.963 188.507 -60.9428
1 119.233 490.179 186.426 187.599 0.665125
1 454.647 72.5937 68.6531 93.9748 -69.3207
1 159.053 155.282 104.298 134.2 -60.9906
1 244.152 118.507 125.478 147.784 37.7387
1 433.467 82.6722 90.9355 134.165 -46.6319
1 88.917 458.871 117.45 181.855 -67.9825
1 201.477 136.87 100.882 139.505 -46.2543
1 87.9663 516.183 104.931 117.1 1.15818
1 431.469 345.145 92.9219 96.5082 39.002
1 472.511 69.539 84.0525 108.871 -44.9587
1 85.3286 477.345 89.6948 141.553 -22.3037
1 462.818 105.3 86.375 159.536 -80.0313
