6.5262
1 306.107 451.977 190.68 196.85 -80.3529
1 131.053 449.051 154.015 169.613 38.1995
1 98.347 182.085 181.775 186.923 -33.218
1 216.994 360.616 158.712 165.578 -31.9054
1 271.363 444.999 110.691 134.809 -43.2103
1 159.649 456.634 106.569 112.477 -72.9784
1 381.991 122.658 117.132 152.276 -40.2637
1 538.744 493.453 96.0685 183.113 87.6163
1 273.841 204.473 124.018 174.649 57.1546
1 549.537 419.613 88.4669 139.9 89.7902
1 412.28 170.01 156.448 170.791 -46.397
1 509.798 322.657 120.711 155.99 -6.48998
1 68.985 257.743 86.5752 109.437 -16.8306
1 78.5427 230.112 101.87 158.429 -81.348
1 245.678 196.956 80.2498 174.697 -15.7449
1 541.016 277.463 106.77 137.548 87.7495
1 551.403 287.993 84.6572 90.3164 -89.7973
1 521.413 282.667 143.062 167.47 -86.0205
1 511.021 453.606 116.32 147.377 9.99297
1 512.393 482.921 138.385 149.192 5.92513
1 541.501 455.776 87.6397 102.541 89.7278
1 110.211 224.914 101.876 171.909 -8.00384
1 389.906 206.741 85.0763 135.663 37.9484
1 512.272 462.375 96.5978 136.761 1.00568
