6.22314
1 239.51 383.642 123.843 133.27 54.4484
1 280.738 464.631 147.382 183.6 12.4465
1 470.739 355.096 186.115 193.441 -72.4529
1 484.224 96.5819 130.845 183.707 -5.81421
1 276.427 304.482 179.006 188.714 51.1004
1 495.214 127.821 165.54 173.21 6.13305
1 218.862 416.477 173.026 173.723 -34.0537
1 464.019 409.511 122.721 198.511 -18.3843
1 231.481 326.275 90.4712 197.24 42.1119
1 504.01 120.553 103.793 164.721 6.00435
1 512.013 411.652 83.3825 151.766 -69.5728
1 520.851 91.8903 99.7899 118.479 44.509
1 314.783 350.179 91.3243 101.797 14.1047
1 528.372 120.855 82.0137 109.494 -3.52507
1 500.633 360.118 95.3009 135.314 47.7287
1 495.264 85.5589 80.2164 149.001 8.2004
1 499.67 391.441 121.366 124.363 72.9328
1 521.107 347.003 91.4521 110.182 18.2073
