8.782
1 207.884 521.862 112.294 192.825 9.26916
1 122.609 215.996 165.409 199.907 -8.93496
1 373.441 482.107 183.023 204.732 65.2299
1 343.184 178.484 159.347 173.623 -29.4183
1 479.786 307.258 183.634 190.433 35.9106
1 333.964 195.216 104.816 161.964 56.1007
1 118.87 311.371 126.059 190.206 -37.6942
1 498.469 180.504 101.347 161.944 -6.78739
1 344.724 498.435 94.6748 110.752 -82.1394
1 453.369 287.572 125.263 130.913 13.9339
1 501.729 272.27 134.658 136.897 68.0908
1 142.006 259.955 155.803 174.662 -30.9562
1 258.726 234.007 131.261 153.348 -37.7337
1 440.893 155.057 99.4826 145.714 -85.0156
1 359.43 279.821 68.5242 78.7197 11.2666
1 84.1677 230.89 89.6286 131.116 -30.0374
1 361.538 458.576 112.701 172.273 -17.9663
1 122.741 278.277 94.5174 132.62 10.283
1 222.748 354.061 90.9326 191.155 76.2706
1 361.315 334.292 148.335 178.548 84.0041
1 220.971 351.79 98.1939 134.794 -45.7665
1 191.351 401.221 121.827 178.307 40.0926
