6.75652
1 477.25 64.6348 114.664 162.281 2.51497
1 120.105 466.37 101.449 155.367 -33.3659
1 272.544 113.566 98.1465 140.195 -81.3727
1 106.299 273.734 106.576 124.105 74.2343
1 121.604 227.018 135.584 181.736 -12.3168
1 149.486 494.832 90.781 139.435 1.79407
1 174.673 344.897 111.837 124.124 58.1191
1 381.069 286.406 166.603 197.452 86.0198
1 420.665 475.567 80.2264 110.084 82.1025
1 287.941 164.865 94.6073 162.074 59.6509
1 367.734 523.041 99.6592 116.693 -11.8552
1 456.214 203.468 116.43 125.349 -30.1722
1 527.636 87.4769 82.6698 104.763 19.6583
1 188.942 158.291 91.1775 105.42 57.9743
1 244.143 430.416 87.2347 128.694 -40.5658
1 381.248 227.063 168.961 182.086 69.4687
1 497.044 70.0068 77.619 117.738 0.142235
1 221.487 311.049 89.0269 134.925 14.5152
1 352.306 503.521 82.0847 110.228 49.4154
1 272.812 204.711 83.9482 159.282 -87.8754
1 255.734 450.87 125.034 187.109 54.2491
1 376.416 264.623 82.4636 174.787 4.6653
1 493.512 82.4729 124.734 141.35 -31.1551
1 343.502 426.05 101.694 123.635 31.1032
