2.98116
1 212.339 317.09 87.8926 125.519 57.8705
1 515.414 370.021 104 193.154 -84.0716
1 110.735 123.919 104.958 172.556 4.64882
1 85.6952 149.443 94.2194 113.052 -16.2244
1 254.805 478.025 130.316 138.465 78.1789
1 100.087 531.401 114.186 179.989 -6.18852
1 196.861 327.94 126.485 139.608 69.059
1 232.45 312.242 123.343 145.734 27.7293
1 482.73 456.481 91.6839 179.46 -37.8131
1 69.8528 498.41 91.4433 173.557 -83.11
1 366.888 486.035 83.0721 112.329 63.0532
1 276.013 518.336 101.194 111.487 41.3466
1 370.922 454.405 91.6938 93.8897 66.1459
