5.51407
1 290.062 311.113 92.0707 195.693 -53.9743
1 479.613 123.233 120.814 199.05 -85.9255
1 252.31 62.8403 94.2376 195.28 -4.506
1 293.925 127.982 151.893 198.174 -26.4897
1 322.995 343.658 139.682 180.212 22.9314
1 313.466 462.77 152.711 195.668 14.5625
1 402.297 59.4148 84.5881 95.4485 -17.3313
1 431.535 128.869 168.571 173.859 -75.0019
1 453.105 474.43 130.276 170.472 61.2058
1 464.475 505.616 92.4858 107.395 41.9889
1 448.489 502.964 122.054 145.937 84.8897
1 284.463 70.3815 87.4452 134.247 -17.5984
1 531.67 514.614 85.5986 91.816 -58.5368
1 507.063 484.925 90.8559 163.69 -47.6495
1 424.038 85.8463 84.692 97.0207 -68.4473
1 316.664 424.475 82.7263 123.412 22.1164
1 450.976 83.8906 80.8399 83.5552 -39.8329
1 281.676 447.085 94.0025 183.806 -58.337
1 330.695 123.313 96.3394 144.891 -76.089
