4.69603
1 457.601 149.351 147.331 197.263 35.4322
1 279.142 366.213 174.034 176.656 32.6403
1 90.6726 456.853 97.8287 132.003 -55.5377
1 305.568 80.0706 111.726 124.503 -5.22257
1 132.264 228.348 165.012 169.109 -18.1957
1 141.527 311.837 93.2112 189.922 -38.2114
1 427.417 270.158 99.66 104.919 38.0439
1 366.875 482.626 89.5981 194.663 -75.4399
1 187.762 374.688 101.52 188.694 -32.6337
1 67.7105 424.908 82.5169 92.7204 79.5729
1 75.309 428.273 92.9892 131.338 71.6459
1 335.899 516.778 124.777 124.958 77.4528
1 231.711 169.386 165.354 179.432 16.2313
1 62.9192 417.615 94.5105 102.188 61.198
1 303.572 113.027 81.7533 88.8546 -54.3258
1 399.863 223.526 105.121 118.482 54.9688
1 326.553 548.602 80.6878 87.0278 85.7886
1 323.673 196.671 80.3948 151.941 -75.0696
1 167.334 411.022 88.7277 88.8515 -31.7047
