4.55929
1 518.907 302.256 85.8101 113.169 -49.3494
1 344.834 127.771 114.729 190.279 15.7891
1 285.95 125.684 178.577 185.51 -6.60503
1 409.664 118.663 133.401 191.045 -55.1948
1 477.678 553.221 86.9591 147.974 -1.57097
1 139.515 221.103 179.966 194.123 -0.606025
1 251.386 519.404 87.0458 134.31 76.4538
1 116.158 399.128 103.219 181.063 62.563
1 190.357 518.743 150.609 151.112 -7.08087
1 158.312 267.124 99.0207 143.314 -47.2994
1 528.299 520.66 108.977 117.076 -73.1717
1 217.327 541.106 81.7616 122.884 -12.6309
1 202.913 404.322 117.099 164.684 -41.3124
1 444.587 269.594 88.3088 118.049 -5.07385
1 202.905 391.693 102.863 115.346 -78.2887
1 456.121 224.465 95.1078 141.817 75.9072
1 530.031 532.803 99.5652 115.61 16.5636
1 91.2329 252.046 78.3407 101.853 52.9727
1 535.023 537.99 80.0689 100.849 -35.4538
1 540.284 539.064 85.5961 87.7295 10.8957
