13.4922
1 89.8696 326.195 115.546 149.533 -4.14633
1 464.18 329.343 172.097 175.603 -52.1367
1 141.487 106.814 103.225 171.944 15.9668
1 147.669 152.393 88.0892 196.433 -69.8099
1 534.075 148.733 102.518 179.17 84.6081
1 98.0229 428.814 102.489 126.261 24.976
1 435.038 401.256 114.493 155.748 -32.2628
1 233.006 336.048 108.669 161.709 -31.7671
1 164.27 118.302 91.514 105.363 -60.8726
1 384.594 83.1868 97.8269 143.242 84.8419
1 126.146 441.245 98.6529 161.717 48.7785
1 116.721 354.173 82.8771 131.481 -59.5762
1 230.103 105.155 85.3076 85.8755 -35.8082
1 293.102 346.761 87.7292 132.657 45.7977
1 183.321 152.712 152.598 170.037 -1.10371
1 531.061 65.6727 81.6601 82.302 24.2022
1 288.406 412.895 80.3396 80.8805 13.0483
1 451.31 359.29 97.671 189.521 -46.9265
1 380.605 139.981 111.905 189.845 66.6413
1 398.157 292.603 96.557 151.427 86.9618
1 124.157 403.137 86.3745 132.073 -13.453
1 412.795 99.6713 168.793 176.677 0.441199
1 319.927 348.433 123.019 131.409 89.5019
1 427.353 307.595 98.4299 181.254 -87.1534
1 341.901 101.188 94.4376 132.292 -12.0422
1 534.115 125.17 104.266 123.711 -2.50016
1 534.043 71.9178 67.6822 74.9253 -45.8444
1 514.025 88.3543 87.8561 107.921 -2.70553
1 442.599 325.302 119.262 134.61 -36.5567
1 296.552 392.388 35.9495 57.5612 22.1876
