3.21269
1 211.742 165.074 163.54 191.866 -73.6082
1 154.969 179.44 110.519 172.197 -81.3791
1 166.926 469.514 112.898 147.463 -12.0224
1 487.05 279.996 87.7367 158.449 -66.285
1 288.079 500.51 112.616 147.223 30.7386
1 284.215 373.256 131.191 180.893 -69.4074
1 399.498 197.498 120.623 198.641 32.4203
1 434.176 250.897 121.67 157.811 19.0371
1 196.941 126.995 88.3725 106.809 -3.48572
1 245.909 381.029 127.435 137.543 -72.6707
1 442.371 200.354 91.6063 127.902 -78.661
1 176.093 149.644 89.4103 128.144 -75.073
