4.12099
1 441.206 136.68 114.81 189.651 85.818
1 321.044 238.458 169.309 190.507 -60.9606
1 114.877 186.772 146.985 159.278 29.6097
1 447.993 419.875 101.233 120.506 -60.3258
1 138.097 321.03 132.209 190.917 25.1562
1 114.654 336.402 129.85 188.573 49.3391
1 156.112 256.994 140.207 194.779 71.6774
1 427.345 484.912 122.734 139.992 -45.9659
1 166.127 478.372 128.773 135.376 58.0692
1 215.524 467.008 144.576 173.523 -51.0678
1 426.984 269.311 112.334 145.512 77.3221
1 140.313 511.795 96.4411 104.352 -0.96357
1 447.99 184.924 85.566 90.6779 -11.4115
1 346.079 376.814 142.768 147.469 56.791
1 246.489 521.152 89.1943 143.662 -15.0697
1 349.851 489.313 105.513 148.353 -65.7412
