4.41107
1 325.144 457.294 180.137 180.606 67.7321
1 410.016 128.644 146.429 191.914 89.6309
1 447.448 363.403 110.313 144.574 -50.5401
1 98.4801 344.376 85.7001 153.737 4.14501
1 170.632 220.156 89.5585 175.094 -63.4088
1 450.426 475.523 128.308 132.023 63.1067
1 146.703 128.487 90.8574 126.118 81.9737
1 141.722 447.038 98.9792 147.212 82.1111
1 419.049 183.819 118.944 179.412 9.58934
1 169.386 429.328 146.969 176.392 -69.4052
1 453.736 394.769 107.268 109.119 73.7386
1 386.628 202.769 141.651 177.316 -37.5886
1 158.804 112.18 82.0178 120.609 -77.5092
1 388.277 138.822 84.2614 102.283 -26.4148
1 239.66 194.75 87.6003 195.404 21.8823
1 151.656 355.722 98.6583 107.733 -29.1526
