7.65365
1 485.777 452.694 146.453 177.539 -26.2717
1 115.652 159.993 98.9539 126.399 -69.5361
1 413.834 117.653 158.671 191.8 21.2759
1 80.4099 404.551 111.677 174.207 -74.3121
1 98.0053 448.219 89.6378 176.911 8.47387
1 229.151 253.335 196.404 198.57 -42.8784
1 459.688 529.157 110.077 141.525 2.21878
1 400.632 151.181 138.915 151.684 16.6245
1 180.444 257.732 124.969 129.861 8.97846
1 466.309 481.375 133.937 170.766 -40.3166
1 254.268 470.575 148.779 182.867 -57.3426
1 221.909 203.603 109.22 169.903 16.8297
1 161.729 245.977 84.9645 169.775 -42.3625
1 238.76 494.621 120.019 131.654 43.2115
1 333.807 86.7827 99.944 179.897 2.36431
1 285.724 97.571 111.325 111.609 -2.91096
1 219.336 487.745 90.9908 94.2051 78.4641
1 246.614 425.712 143.303 149.977 53.8463
1 277.074 149.121 93.0683 106.292 -52.8108
1 80.4084 493.932 97.1572 106.322 -38.3234
1 106.246 480.902 126.982 148.278 26.0746
1 77.4662 479.15 69.75 86.3878 -29.7413
1 504.773 478.55 80.8593 114.188 -51.8754
1 441.328 507.457 110.19 175.701 -5.75741
1 258.782 462.398 143.048 157.636 -38.8577
1 261.975 457.214 81.3534 159.783 3.24268
