4.4313
1 450.737 271.05 99.8979 198.328 -2.88104
1 408.258 154.714 144.086 196.961 -0.407165
1 456.196 397.235 132.436 194.448 7.22411
1 191.635 482.155 146.292 187.628 24.8592
1 453.053 398.446 97.85 134.368 -53.3409
1 540.54 501.928 113.374 143.076 -89.397
1 358.583 411.832 147.429 169.802 55.8905
1 397.106 238.559 101.693 154.583 29.5351
1 229.265 440.417 128.164 129.815 -38.734
1 355.293 467.904 136.887 144.184 -14.1196
1 482.475 533.87 98.4247 178.461 -0.400135
1 514.73 531.561 88.7149 111.603 -73.4164
1 223.454 478.99 106.993 137.164 -54.2527
1 481.477 186.388 84.7272 87.7542 -36.3107
1 203.838 449.914 158.776 182.363 -17.9306
1 511.338 513.984 113.48 131.007 64.3314
