3.12123
1 373.536 474.208 159.759 196.268 -63.7845
1 78.734 435.85 113.164 162.393 80.0749
1 206.498 517.364 122.848 132.211 84.3113
1 112.865 242.057 125.075 134.227 -27.7663
1 357.887 234.852 104.745 161.186 19.3192
1 353.802 457.205 92.3237 166.778 5.32258
1 135.459 226.831 173.665 186.568 -39.6864
1 507.824 104.534 88.2278 125.769 -20.944
1 486.955 127.259 112.461 186.698 -60.7382
1 279.382 281.102 133.061 138.999 -57.3381
1 165.448 385.083 108.004 125.641 19.4617
1 268.263 406.588 125.564 147.185 -59.7858
