2.93468
1 330.786 109.477 89.857 174.05 -25.5417
1 346.126 445.421 68.8633 118.667 41.7453
1 320.192 471.789 144.677 148.333 34.141
1 146.667 449.598 163.065 179.147 24.5304
1 510.735 364.99 85.89 143.664 70.3888
1 81.5129 412.674 101.769 153.302 -84.1219
1 428.506 153.938 89.6674 170.844 -29.1992
1 380.747 436.586 113.785 169.628 12.0838
1 443.448 283.273 98.7052 169.163 -57.2866
1 399.785 208.999 112.124 198.973 -73.1009
1 116.802 470.681 95.2543 120.564 83.2333
1 353.589 381.832 94.8636 98.3512 -48.1886
1 471.944 334.079 86.9777 89.1175 22.8668
