7.46982
1 81.8462 506.809 129.569 176.514 87.3265
1 286.929 425.216 152.534 181.959 83.2837
1 92.1968 221.099 91.802 120.873 -37.7358
1 451.733 170.459 141.86 194.627 -20.2402
1 59.4768 483.98 90.1179 194.997 -87.503
1 248.38 374.076 89.1196 166.632 -48.4809
1 364.765 244.252 130.303 197.501 49.7211
1 229.238 158.536 158.109 185.407 -33.0404
1 346.564 110.491 102.897 110.987 82.2064
1 269.255 392.683 126.733 139.716 -15.1243
1 54.7318 132.46 81.596 111.902 82.9306
1 84.2234 124.258 91.4837 99.4923 -68.382
1 400.232 233.309 116.202 165.924 44.6846
1 212.349 130.028 154.555 156.466 43.1113
1 104.654 112.574 103.151 157.88 60.4765
1 77.9034 544.533 80.5896 99.7398 -16.1478
1 231.05 113.459 96.6533 106.711 -63.9134
1 416.157 167.563 99.6493 168.275 -56.4218
1 206.596 95.2703 89.0244 135.506 -20.7707
1 258.008 145.315 119.096 139.321 68.0145
1 56.2231 534.818 88.7761 90.5459 -80.177
1 306.788 299.966 81.7717 92.5845 21.8932
1 75.2537 513.574 81.0094 135.183 -69.0785
1 119.837 135.668 99.1344 103.036 -57.7636
