5.15818
1 407.021 356.278 165.866 174.033 23.6654
1 146.798 106.375 157.125 190.682 -20.859
1 411.114 194.873 167.821 192.245 -24.5415
1 499.467 237.684 135.198 189.48 -71.6502
1 436.068 210.745 130.727 166.603 19.4226
1 371.55 281.716 116.053 161.149 -78.1872
1 481.054 93.6923 128.179 203.77 -5.60575
1 87.0023 120.223 82.3157 148.546 -75.2446
1 139.046 89.8732 82.9019 137.485 23.3664
1 385.999 247.453 94.9631 145.256 85.9144
1 524.473 80.4844 82.1141 97.8198 30.3329
1 510.541 78.0337 88.7811 128.837 -79.5322
1 532.387 84.8897 58.2983 71.26 -55.2426
1 130.711 107.361 83.6431 154.348 59.5281
1 535.302 115.085 78.885 122.377 -74.0203
