4.48654
1 537.734 262.611 100.889 159.429 -83.1452
1 400.161 348.316 113.916 195.359 28.3018
1 308.412 86.8508 121.101 124.961 -61.4601
1 189.766 484.332 114.961 130.323 -43.1968
1 202.198 167.775 110.819 174.009 -58.9652
1 528.075 145.622 124.795 131.884 1.45611
1 229.937 315.258 166.031 186.123 -39.2072
1 297.566 455.541 122.841 181.193 -0.291045
1 236.112 493.471 123.695 149.417 40.7514
1 485.74 194.427 160.182 167.483 -22.5215
1 375.396 311.545 105.521 139.008 -31.4025
1 523.204 227.561 83.8982 156.585 -73.6134
1 522.92 212.73 77.7912 129.596 -61.4795
1 274.07 81.09 98.4724 107.338 -61.1644
1 323.454 209.343 163.6 174.578 77.406
1 271.255 445.573 120.118 134.921 -35.7085
1 293.128 97.6734 84.283 90.6852 -15.3029
