4.55959
1 259.239 114.748 173.084 191.901 -74.0897
1 115.89 254.219 109.066 152.012 -64.2948
1 420.923 417.417 187.95 197.679 -72.4448
1 120.498 367.539 130.386 193.734 59.5697
1 457.456 409.059 122.556 134.993 80.3149
1 464.176 137.279 141.325 189.978 83.1689
1 222.667 260.231 142.35 194.137 -34.5177
1 524.772 98.4623 85.4779 144.195 67.1687
1 360.184 260.186 159.873 180.257 44.5673
1 447.996 117.963 91.9177 160.487 -55.5139
1 494.79 399.153 85.6237 96.7992 43.8834
1 269.625 94.7123 96.4045 166.602 30.04
1 108.164 315.216 82.5042 152.23 -17.5208
1 342.859 186.051 96.7507 108.725 72.4522
1 286.96 114.766 107.43 170.916 -86.5901
