9.51914
1 169.47 127.961 157.575 167.383 -31.8431
1 93.5886 355.73 125.072 182.266 86.0561
1 512.295 471.388 91.6613 167.089 61.5354
1 492.976 301.687 114.355 160.951 78.1842
1 228.605 481.379 168.336 182.021 78.1432
1 163.586 103.394 120.832 197.956 -14.5437
1 291.525 492.093 93.5076 157.445 -23.4654
1 243.825 514.29 105.652 114.14 28.0863
1 534.026 475.33 106.612 140.98 -87.6927
1 483.192 348.844 102.762 156.802 -57.9507
1 348.268 207.34 102.356 142.85 82.0494
1 352.832 242.145 168.287 171.784 89.3604
1 106.724 321.566 87.0835 99.0499 41.6829
1 309.403 121.917 106.883 107.112 4.56301
1 311.918 228.891 82.5437 113.069 -77.5199
1 352.908 497.585 129.512 174.76 -84.793
1 214.855 303.358 119.247 173.257 -73.452
1 343.776 164.715 84.8082 106.707 48.4955
1 143.173 401.553 137.512 141.716 -1.96963
1 475.688 526.831 101.52 189.116 -2.20548
1 194.8 176.824 157.327 169.8 -70.9973
1 196.892 80.6781 99.1421 130.527 26.1631
1 529.728 540.011 84.5564 86.6759 62.701
1 326.277 480.255 130.804 161.899 56.0401
1 500.566 320.097 92.607 120.166 25.9023
1 528.224 513.803 85.4867 87.9848 52.7195
1 444.247 366.909 149.944 175.562 -9.58621
1 225.314 172.351 114.975 128.553 -44.9522
1 511.072 487.163 102.79 187.971 69.0848
1 155.092 379.354 92.0604 98.0014 -32.3347
1 454.345 385.409 96.6934 191.509 -35.0719
