5.18051
1 443.508 436.442 192.195 199.076 -71.6446
1 431.888 140.118 151.613 190.879 -47.0517
1 157.782 365.299 98.0122 184.185 73.4764
1 339.31 519.294 89.7684 108.37 -59.9725
1 351.759 443.68 113.454 175.62 44.9714
1 490.466 60.4849 86.3471 91.2336 77.8782
1 301.662 174.315 185.323 185.513 59.454
1 339.701 76.1792 83.4982 192.206 16.1767
1 140.361 128.471 88.4264 171.995 46.5062
1 154.143 216.992 125.013 154.429 -17.8069
1 250.98 264.011 145.763 168.532 1.26492
1 283.662 77.2595 95.4098 95.5766 -76.9449
1 155.572 335.538 73.5721 118.925 55.6451
1 448.335 101.668 92.1774 107.535 -39.0998
1 171.906 111.808 120.661 177.401 -59.2626
1 168.148 337.37 89.5808 179.161 23.633
1 252.851 82.704 88.9313 119.445 67.1051
1 254.565 222.93 89.8133 99.6022 43.3878
