2.70677
1 347.63 246.839 139.899 160.234 63.5683
1 439.762 161.999 84.1395 156.64 64.9112
1 213.336 112.879 137.124 162.768 87.6465
1 121.147 87.0134 87.7485 115.114 -2.98752
1 299.432 367.983 121.971 140.043 34.3587
1 174.405 194.599 148.001 192.441 -31.1559
1 348.215 104.941 97.4776 98.2499 -25.3861
1 363.898 79.7841 86.3053 139.991 -80.9026
1 104.54 320.409 85.3164 91.7393 8.97719
1 247.129 371.536 81.1489 180.962 -42.7763
1 168.927 283.264 88.4229 106.117 -40.6222
1 145.083 336.943 113.016 132.842 22.9968
