5.0966
1 127.656 392.089 164.818 191.29 -48.9667
1 101.997 189.331 168.415 175.218 84.7414
1 378.034 300.717 148.665 178.463 -21.628
1 133.47 484.666 145.736 146.17 82.7812
1 92.6363 121.346 121.179 141.893 26.2302
1 484.698 503.653 127.88 157.957 -74.5894
1 340.451 379.932 115.293 136.115 -33.0884
1 393.056 449.243 152.256 160.907 -85.124
1 67.4439 174.297 90.8811 122.782 -68.9882
1 426.074 319.377 107.91 121.619 29.4562
1 257.611 450.425 121.353 130.16 9.90801
1 81.4528 152.367 96.1065 139.948 75.4269
1 522.667 511.616 92.7302 150.345 -82.1765
1 80.5272 165.423 71.1096 106.169 -89.7223
1 438.141 342.449 81.3773 112.786 24.8616
1 164.321 403.84 88.2374 97.1045 74.3954
1 510.058 539.303 82.6009 137.636 8.55207
1 209.08 396.948 95.8074 97.9913 33.9945
1 503.701 539.876 84.5068 156.584 5.5624
1 509.257 523.294 88.7665 114.335 -72.9965
1 84.9825 151.086 86.2316 134.759 -28.9929
1 429.448 335.616 87.1977 134.728 29.4777
