8.36483
1 89.6413 277.287 158.897 162.072 -84.3656
1 426.833 178.873 166.131 196.7 -41.7892
1 317.097 250.249 102.014 197.902 27.1984
1 341.213 199.848 107.229 200.026 34.172
1 86.3286 252.341 99.5554 145.853 -2.41172
1 87.9776 216.981 120.465 139.915 14.8895
1 228.416 430.101 150.627 171.028 -57.4134
1 291.03 396.866 138.661 149.845 -1.3643
1 64.6279 242.784 67.3425 85.1403 -24.7109
1 482.881 277.464 140.795 156.993 -11.0938
1 242.314 512.564 131.389 157.567 10.7947
1 419.041 511.383 84.1332 84.5333 -22.7964
1 434.309 438.929 86.9592 97.597 54.5966
1 464.618 293.371 112.906 131.232 1.27436
1 224.746 463.369 100.846 132.372 -0.604364
1 61.9887 222.802 76.7033 80.7646 25.1565
1 377.09 488.47 141.111 149.606 -39.7209
1 456.378 257.347 96.7517 148.785 -73.5597
1 378.612 481.272 87.8958 145.029 0.438256
1 257.532 425.018 106.836 125.932 -11.9096
1 62.8257 213.902 91.1968 122.872 76.828
1 429.109 391.757 140.931 179.237 74.1826
