7.15286
1 169.255 407.377 121.526 151.263 -25.2405
1 505.851 93.2719 107.004 168.917 9.20786
1 153.768 287.187 143.672 143.788 37.3685
1 485.342 518.553 85.3433 164.236 28.9839
1 528.525 228.082 87.6419 152.341 -78.714
1 408.318 237.022 165.801 170.781 -69.0752
1 230.243 112.235 159.901 169.541 16.6077
1 428.077 241.146 100.733 137.203 54.781
1 389.397 89.8841 101.642 164.529 -27.9327
1 462.656 184.078 111.891 172.65 73.8459
1 256.306 393.369 136.413 155.131 26.3182
1 388.775 99.8476 153.843 181.988 -15.7783
1 381.915 448.39 141.606 150.308 55.3307
1 441.35 443.121 121.386 158.105 83.3379
1 262.178 85.6302 108.43 147.574 35.5092
1 481.336 487.293 125.724 177.77 -78.4443
1 218.324 95.4215 123.551 126.984 80.6393
1 214.418 297.765 91.0619 102.743 -89.0107
1 430.323 82.6179 87.1505 167.119 9.9836
1 189.661 81.8717 87.6498 143.668 -29.2741
