2.92109
1 193.653 206.111 120.692 136.758 -36.3761
1 159.351 429.998 85.5903 87.033 -40.39
1 117.666 334.921 124.212 131.201 -6.63382
1 314.931 136.113 151.962 155.007 1.10026
1 227.988 127.773 132.051 152.848 -51.3408
1 489.339 133.38 93.8157 165.689 -79.5023
1 88.1187 352.432 124.351 130.296 -68.4404
1 209.807 168.028 103.81 111.242 -41.3987
1 472.42 82.8414 81.5875 120.498 85.5698
1 81.2027 388.134 96.2579 108.139 -5.65805
1 467.483 103.921 124.044 174.419 9.11144
1 499.791 106.246 107.885 110.267 38.631
