4.67158
1 101.623 413.926 157.712 193.63 0.000539498
1 105.261 142.129 64.0059 88.1242 59.6549
1 136.172 95.59 109.066 118.508 -42.0345
1 225.237 443.24 142.561 161.441 21.241
1 91.5219 192.537 102.219 186.052 -84.6824
1 118.178 179.438 164.533 191.264 -10.3683
1 508.862 292.309 107.654 133 -1.29701
1 119.558 508.477 94.1497 107.345 9.49781
1 223.801 488.867 97.7553 150.969 37.2291
1 501.749 268.054 114.971 146.082 49.904
1 495.192 73.4694 84.7308 181.832 -13.1795
1 507.991 231.855 109.16 198.528 85.9428
1 122.664 126.787 95.8799 115.671 -53.303
1 505.03 55.9308 95.279 136.66 -5.36258
1 523.307 90.5337 110.911 164.536 -83.4526
1 537.49 65.6516 82.239 96.3835 -18.9945
