4.04462
1 282.735 209.27 176.187 192.24 -9.53153
1 84.3345 524.765 117.672 153.509 -7.22741
1 224.157 114.876 176.835 194.067 -15.5184
1 507.455 475.559 135.642 155.52 81.0361
1 177.132 248.342 94.6531 110.061 55.7254
1 134.832 157.019 131.001 142.096 -13.3311
1 441.013 487.957 118.902 185.202 29.0978
1 61.6428 481.664 99.3031 155.554 -82.0614
1 441.629 326.409 100.94 187.106 79.1679
1 465.034 278.614 105.088 142.741 56.7468
1 492.325 497.871 99.502 158.964 -60.192
1 444.044 214.511 87.8431 91.1128 -38.3748
1 465.687 234.216 96.2816 139.148 -48.9361
1 57.5077 502.068 101.401 109.459 -85.9783
1 56.7705 491.646 84.3269 96.9146 -12.635
1 464.518 467.326 92.5372 195.87 62.8785
1 65.8005 516.12 80.8165 112.878 -7.45192
