6.82565
1 262.626 108.379 158.579 188.009 81.2991
1 413.694 160.513 153.763 179.824 -37.7975
1 342.827 324.066 114.6 170.093 -80.2883
1 474.915 501.276 101.973 113.4 60.3608
1 405.019 410.797 129.368 180.148 -73.9454
1 400.553 85.1212 123.792 172.836 2.65553
1 317.878 171.587 94.3521 152.048 47.7507
1 99.5181 441.025 57.129 82.5235 -21.6917
1 106.214 474.865 114.01 126.363 -73.9231
1 266.436 344.461 103.741 162.316 -20.2798
1 321.508 311.148 123.55 151.248 -61.2188
1 363.195 502.693 115.543 147.984 -71.6229
1 371.401 470.426 79.1512 106.471 19.1178
1 355.112 467.608 122.662 142.997 16.1903
1 265.278 417.07 89.6478 93.6262 35.054
1 115.416 449.121 96.8822 128.06 -19.0953
1 379.599 515.063 98.8806 103.779 75.1226
1 136.545 447.813 165.559 167.978 -77.2457
1 246.639 369.008 86.4631 112.716 1.30945
1 100.59 421.994 108.234 161.53 39.3043
1 256.188 440.659 93.7579 135.334 -56.4666
1 122.136 418.438 102.898 154.549 -16.6729
