4.84817
1 130.062 295.438 139.045 177.221 47.8209
1 459.892 475.329 184.742 192.498 -2.04077
1 241.005 109.904 164.078 183.079 13.5985
1 171.873 128.507 145.749 184.916 -88.9682
1 134.935 432.375 111.412 129.299 -45.0666
1 139.172 78.7992 103.722 162.393 2.6255
1 430.278 536.231 108.083 130.624 -4.30668
1 212.632 396.875 111.363 112.083 -64.2706
1 514.078 511.763 117.573 124.564 -11.0491
1 486.03 499.719 122.139 171.561 -27.6559
1 235.809 77.0618 84.64 124.565 56.468
1 115.816 366.279 86.8974 95.4498 -21.176
1 178.543 104.194 133.146 142.399 24.4579
1 203.946 381.541 85.499 96.1385 -65.4627
1 484.686 510.787 69.096 106.463 -78.0028
1 195.621 96.6908 101.541 124.603 50.9422
1 112.291 401.255 111.371 126.833 52.8721
1 477.335 510.639 109.452 124.784 -50.4286
1 507.983 503.385 90.3153 140.408 -44.3309
