3.19066
1 122.177 171.921 166.196 192.738 -11.7055
1 444.562 452.62 110.38 150.181 -46.6265
1 481.801 250.306 164.359 192.749 83.143
1 98.0444 204.728 85.472 199.244 -71.567
1 210.407 439.905 168.891 186.854 37.8016
1 382.866 97.0371 124.327 137.509 -72.4279
1 523.271 489.83 93.8031 106.809 -20.5035
1 256.618 507.527 113.277 145.006 24.4159
1 435.697 274.96 124.405 189.778 45.7027
1 233.394 59.294 80.8963 112.287 85.3397
1 384.696 68.0091 89.8346 90.6908 -33.457
1 274.146 64.5373 105.021 192.32 2.38252
