11.9533
1 107.232 451.114 122.177 149.478 -31.3465
1 408.36 72.9151 100.34 100.68 49.1229
1 102.488 207.653 133.175 170.842 -18.1288
1 206.219 484.717 152.6 168.651 -8.25601
1 378.309 488.743 137.254 155.096 26.9944
1 183.501 441.147 96.1195 190.045 -37.5457
1 438.081 526.704 87.1064 101.03 -64.8838
1 411.709 152.466 86.2123 178.196 35.088
1 137.921 140.265 137.866 170.604 43.1019
1 475.555 440.364 87.8147 104.096 77.9129
1 80.7192 110.516 83.282 90.7866 -33.2093
1 402.275 319.464 129.742 177.008 57.3259
1 433.473 426.169 104.311 141.022 3.41017
1 402.551 482.841 85.6123 118.356 61.9498
1 324.214 151.489 144.812 149.808 78.9272
1 327.952 302.834 90.1997 190.116 -9.74653
1 179.839 495.435 100.468 172.322 -72.6737
1 297.845 102.026 93.2743 156.407 24.3018
1 149.846 187.917 107.179 185.755 15.3536
1 181.736 519.666 86.6939 114.23 1.96625
1 125.502 150.932 88.6582 132.519 -24.0494
1 291.391 286.128 117.692 119.702 59.6077
1 366.614 327.081 120.056 153.701 56.4471
1 159.784 477.833 92.832 92.9707 -14.0565
1 150.766 166 173.649 189.494 -88.2637
1 376.051 433.599 80.0901 179.081 43.7471
1 396.456 238.788 97.944 153.676 32.0048
