4.62902
1 102.883 114.431 173.549 193.002 27.7908
1 515.169 117.92 104.325 125.918 64.3607
1 485.102 480.553 115.609 185.167 -54.9536
1 477.622 315.659 97.0943 140.064 25.2167
1 458.622 137.017 115.18 150.918 12.2675
1 372.226 319.075 91.0146 92.4351 10.5858
1 456.984 254.328 117.781 139.193 78.9092
1 505.134 111.22 80.0083 106.876 9.51195
1 444.789 122.144 94.2448 100.054 80.9848
1 82.5147 118.608 106.732 148.918 6.52055
1 520.452 433.338 85.9116 171.223 -61.8494
1 101.341 94.2221 115.985 149.194 2.53416
1 426.485 435.88 119.608 182.061 21.6086
1 440.524 445.131 86.6052 134.299 -60.5289
1 413.062 348.28 103.167 109.996 43.6484
