10.4546
1 285.076 478.021 179.835 198.253 -78.124
1 260.195 167.351 88.6055 147.578 -85.6409
1 264.756 158.071 147.722 149.009 39.5542
1 471.042 537.056 104.683 150.152 7.71244
1 194.795 139.124 101.139 189.485 81.5782
1 474.206 219.592 95.1313 167.288 8.49049
1 299.021 247.988 140.93 160.995 59.424
1 106.682 399.965 97.455 125.149 42.0226
1 268.805 519.209 128.158 175.847 -10.8863
1 487.222 412.206 103.224 172.752 86.66
1 544.87 66.5329 82.6115 107.599 -88.2627
1 106.333 361.654 87.9263 162.025 -80.498
1 443.893 450.235 135.29 169.847 -3.87388
1 142.679 321.611 151.763 186.313 -56.9289
1 470.332 457.501 104.074 110.683 -25.9068
1 98.1223 312.684 99.0116 168.94 5.85688
1 287.015 524.394 96.548 122.425 -0.0253385
1 105.113 349.493 80.1738 139.399 -76.1176
1 444.013 193.856 118.43 118.979 60.8545
1 391.146 310.992 86.9553 163.19 84.1388
1 476.295 259.812 142.869 164.331 -22.5259
1 283.825 531.177 70.4578 89.501 68.1624
1 518.867 102.962 105.604 116.077 75.3999
1 457.441 477.423 81.6965 192.177 64.2012
1 164.11 208.079 91.3039 152.306 -14.4174
1 456.025 64.6174 86.1592 107.327 -23.7203
1 434.331 285.807 64.0866 100.316 52.6928
1 434.582 175.792 94.4861 145.695 -44.5738
1 128.49 370.172 125.609 135.885 -4.30662
1 242.617 275.022 93.675 112.992 -85.0373
1 478.665 95.5321 110.515 181.467 15.4187
1 479.218 81.8055 89.2678 106.729 43.3827
1 304.34 508.025 97.98 156.067 68.492
1 405.557 290.979 100.935 136.031 23.4917
1 463.346 95.9413 87.5997 170.589 -19.249
