10.6134
1 476.155 184.188 91.1351 198.866 78.1321
1 511.123 394.902 92.9404 105.7 68.5132
1 487.503 377.061 152.443 187.357 9.59804
1 104.363 99.8382 166.049 193.99 -6.11079
1 366.251 231.342 162.552 190.006 -35.7245
1 373.887 499.958 162.216 172.061 -44.8908
1 421.456 191.143 127.945 191.969 -20.6733
1 190.968 297.516 127.816 147.763 81.9173
1 195.493 450.911 137.309 185.422 40.9457
1 138.542 335.384 138.122 150.382 -19.1241
1 318.8 504.842 105.588 136.793 -61.2268
1 416.268 162.301 81.0226 193.793 76.2355
1 509.415 394.827 114.236 138.065 -12.1518
1 361.487 534.189 94.0483 108.502 25.3066
1 273.548 390.571 147.113 192.659 72.9947
1 257.612 115.58 118.573 199.129 -56.9368
1 130.818 94.5138 84.3071 147.559 71.3649
1 390.72 298.504 143.638 175.398 -82.8625
1 508.627 475.644 98.4079 119.032 40.1287
1 108.432 78.0643 102.959 103.422 -6.30665
1 317.923 49.469 81.2699 84.6476 5.97497
1 505.045 466.247 84.1684 88.4754 -21.1443
1 137.819 405.299 107.35 153.105 5.60026
1 345.071 520.019 82.0883 103.198 -49.1891
1 92.184 64.3136 93.2563 95.8898 19.8634
1 374.825 268.607 99.0519 161.379 -23.1639
1 339.555 490.924 88.5843 148.853 -74.2562
1 328.726 70.3694 107.916 163.842 -2.78888
1 289.27 100.667 120.211 139.525 -86.4924
1 304.447 72.9896 94.2129 114.025 3.66724
1 145.131 384.909 98.9581 107.117 -14.7203
1 518.448 478.896 86.4773 96.8128 47.6043
1 275.463 77.4811 97.7527 158.033 -7.43232
1 148.087 108.579 165.344 167.597 -3.23156
