5.02385
1 121.129 532.212 84.5134 198.117 1.53943
1 128.373 157.341 142.848 145.262 -70.8133
1 517.426 72.4674 96.6281 118.378 88.4258
1 325.039 371.03 131.157 165.106 -54.8787
1 158.519 266.807 96.3247 196.576 -14.7342
1 502.881 187.663 106.839 121.929 -38.5258
1 227.288 474.215 112.149 167.894 6.28094
1 339.223 489.881 85.1886 120.549 31.3412
1 275.937 89.3407 99.6469 183.639 1.9194
1 195.529 473.034 119.024 146.086 -45.4635
1 290.146 124.333 98.4161 193.835 88.5867
1 436.542 159.265 170.957 177.675 87.7416
1 311.904 116.208 142.897 186.052 18.5939
1 79.0125 213.179 87.1682 89.8932 4.44491
1 462.882 155.487 108.526 141.278 25.5492
1 126.5 278.419 88.1105 103.453 -69.0744
1 255.382 487.627 96.4761 112.242 -28.118
1 287.307 395.24 84.491 108.305 86.4767
1 341.482 417.282 95.5936 110.317 -72.2857
