4.38391
1 305.575 132.691 86.1592 169.356 5.14947
1 436.735 539.01 104.94 182.847 -2.40891
1 172.426 462.445 153.062 179.366 -61.2729
1 424.699 95.2744 137.021 150.102 -19.3037
1 244.833 259.434 103.28 137.728 56.1569
1 309.901 256.488 111.599 113.296 -66.4562
1 288.915 367.613 106.173 122.503 -45.8015
1 513.971 189.218 80.2561 103.89 61.5951
1 505.15 186.201 119.712 133.599 -78.1807
1 498.71 415.997 90.0276 148.74 38.5961
1 459.514 374.167 169.579 175.07 56.9809
1 166.653 414.237 94.1808 107.238 86.4537
1 470.33 539.092 80.2145 93.8233 14.6852
1 210.647 438.45 104.308 131.503 51.5624
1 496.978 532.232 89.9792 98.3488 15.2162
1 406.449 243.936 160.995 184.585 80.3608
1 486.41 444.999 123.5 154.416 -19.8916
1 496.263 207.896 92.8289 126.874 -21.4777
