4.63656
1 466.84 466.964 153.484 190.68 19.7524
1 104.124 99.9945 100.648 101.936 56.421
1 122.057 499.047 162.291 182.121 84.4189
1 191.042 100.71 109.912 125.171 71.3695
1 368.942 187.951 87.3802 174.423 -11.4252
1 84.7095 141.626 121.238 126.614 82.1179
1 320.443 94.7807 88.9801 169.027 -83.8054
1 92.9311 478.127 142.308 196.615 78.9262
1 521.82 539.829 81.5278 136.411 3.76687
1 488.063 110.433 124.103 174.273 -62.329
1 294.939 135.456 98.5691 125.684 -19.7943
1 99.3963 137.663 90.4797 96.9916 -76.5702
1 524.48 460.412 95.454 113.053 87.5701
1 64.3538 502.546 106.155 121.804 86.7276
1 505.869 72.7054 88.8156 139.303 89.8875
1 489.082 498.318 121.91 156.421 -49.0435
1 310.132 146.426 82.3068 107.1 86.3488
1 511.107 72.4985 77.589 89.6839 38.1557
1 481.079 88.8289 90.0738 148.926 -24.8445
