5.77095
1 365.569 487.375 187.141 192.633 -87.4013
1 361.127 75.6083 109.77 115.039 -73.6914
1 163.271 286.156 187.283 196.715 47.3513
1 497.05 176.472 124.214 172.019 73.7346
1 530.68 305.456 111.032 168.463 84.8365
1 340.378 402.559 142.444 180.195 -30.1779
1 224.344 271.341 145.621 197.453 30.9609
1 513.005 280.544 125.508 132.715 13.6829
1 182.381 139.548 84.5328 179.725 -42.0739
1 390.202 374.171 65.2082 92.524 60.2695
1 335.007 165.379 105.353 123.194 -67.9193
1 470.212 243.971 157.563 166.881 -14.1926
1 278.494 74.0226 96.3832 123.282 -2.01028
1 409.03 340.203 108.198 154.325 -76.3263
1 371.657 418.75 101.261 123.324 68.0015
1 424.48 364.264 88.4852 107.448 34.8762
1 485.826 205.052 130.079 181.25 74.025
1 357.01 177.975 143.84 166.632 18.0661
1 227.7 203.376 94.25 110.76 -76.9896
1 256.003 216.333 112.757 159.952 23.6459
1 360.622 174.952 85.7037 196.952 79.7105
