8.91603
1 232.213 476.479 148.711 158.812 64.5172
1 351.018 278.135 80.2841 134.415 -86.192
1 475.477 254.349 105.086 107.062 -87.9628
1 130.592 476.032 114.702 131.566 -70.6139
1 422.472 472.609 164.617 175.874 -8.81063
1 501.45 311.501 84.0058 105.834 31.5041
1 497.63 101.857 80.6853 167.28 5.21028
1 97.2931 385.288 118.552 121.237 -75.9598
1 241.09 241.652 93.0269 164.992 -12.1684
1 449.014 221.661 182.625 190.058 -26.728
1 391.322 488.191 128.062 128.698 -85.0637
1 89.0077 272.941 97.8625 120.524 -31.972
1 225.979 435.912 98.7191 114.219 -19.2927
1 100.253 264.047 88.9865 123.499 -79.3901
1 352.57 407.64 89.7229 113.597 57.7266
1 236.482 223.344 183.988 185.299 6.96013
1 238.375 396.763 92.3959 152.339 -10.9118
1 154.532 360.36 123.355 177.815 -30.4519
1 339.94 162.472 123.595 176.329 28.4422
1 473.831 347.648 84.7332 188.26 -71.6806
1 349.353 498.816 93.0785 117.549 -19.6425
1 480.019 87.7857 81.0757 90.4742 20.7452
1 417.093 108.459 88.045 156.504 12.0639
1 109.255 265.394 109.248 165.936 -24.8417
