3.51214
1 275.575 435.923 162.07 185.049 1.90192
1 456.105 119.647 103.564 142.583 -65.0426
1 449.899 455.813 109.385 181.176 -60.5943
1 518.243 296.223 145.731 168.987 87.3854
1 217.588 444.545 143.946 163.169 6.44048
1 375.174 71.1461 95.8697 96.2639 -7.1905
1 107.808 165.057 155.348 171.122 11.8726
1 128.736 264.565 112.82 115.183 66.9638
1 416.985 355.962 95.5934 115.694 81.0499
1 109.006 164.512 85.7488 176.396 0.322262
1 525.608 372.41 88.586 136.358 4.71033
1 68.2303 243.722 87.1882 93.8817 65.9154
