7.89423
1 479.829 250.615 74.8742 101.176 36.5547
1 507.949 224.64 113.686 135.83 16.9506
1 183.38 510.819 101.085 196.132 -24.6866
1 314.89 414.474 120.77 161.332 -37.7436
1 151.735 263.123 177.353 187.587 60.8646
1 482.844 354.416 143.128 167.593 -53.5813
1 80.82 163.1 85.8579 103.972 -20.6222
1 261.664 387.374 179.198 188.56 62.1602
1 180.359 92.6749 145.388 163.379 -47.0172
1 492.172 315.984 82.1143 85.4762 44.864
1 185.386 210.922 104.868 129.525 40.2508
1 207.393 94.9399 129.133 153.726 73.7556
1 490.014 493.5 118.242 137.502 -86.1802
1 219.29 520.46 97.6319 128.506 -21.8915
1 519.166 509.047 93.0256 97.161 -34.752
1 459.863 537.615 83.0028 120.415 -1.11481
1 514.602 227.714 82.8748 102.346 -76.9786
1 466.102 266.236 115.279 120.564 -14.9922
1 346.752 478.85 134.15 164.426 -52.3797
1 448.262 519.563 98.2657 175.358 4.80079
1 225.868 88.7415 111.365 162.989 -88.8626
1 183.641 68.023 107.365 108.886 31.5834
1 480.661 514.573 102.769 110.776 4.51987
