5.92309
1 480.945 484.017 135.254 185.351 74.0698
1 186.485 87.4483 122.478 148.921 16.5251
1 430.14 110.202 139.006 159.224 29.3511
1 503.492 91.7223 116.17 145.196 87.5266
1 482.784 360.922 94.6628 189.011 37.9711
1 490.915 116.808 155.149 156.147 83.5791
1 469.427 442.153 115.545 173.88 52.3611
1 119.262 320.363 171.223 180.096 24.1022
1 116.108 295.153 109.382 146.332 81.0608
1 96.1267 324.116 86.3622 165.24 76.3411
1 357.732 366.569 80.5863 104.383 -58.1085
1 133.45 175.622 81.8617 92.0433 -34.356
1 232.756 204.02 172.708 196.265 -38.0399
1 385.975 300.668 80.9584 119.136 -78.9893
1 336.979 291.756 167.98 180.41 78.9072
