8.9124
1 504.707 206.611 128.799 196.916 -85.8259
1 294.32 509.557 154.251 168.717 2.21443
1 305.934 172.99 123.062 178.292 47.5518
1 80.7348 92.2105 108.425 109.732 -39.5774
1 118.529 234.013 107.385 191.81 8.45202
1 496.755 83.6541 83.5157 144.83 -6.37006
1 133.227 281.35 112.155 121.81 -69.7943
1 241.542 322.11 130.548 149.089 -88.5936
1 309.725 503.048 99.3398 150.814 52.6481
1 396.146 512.784 107.076 130.042 61.2843
1 433.001 385.561 83.6107 126.382 -9.42387
1 351.383 498.064 108.425 120.732 -72.5178
1 154.183 330.832 91.5244 140.218 -77.9068
1 493.543 141.976 89.4028 101.845 -68.2637
1 286.798 220.969 89.4912 102.369 -77.4263
1 186.545 103.208 103.062 159.295 -62.7002
1 396.707 391.61 175.412 197.419 -2.6131
1 349.94 295.564 94.3024 105.616 35.5084
1 431.687 384.548 116.469 151.398 37.9849
1 345.996 152.937 122.896 190.516 -68.6212
1 141.193 65.8361 103.926 113.699 -14.284
1 477.567 435.614 117.022 195.927 -19.9366
1 322.459 525.234 91.2402 125.286 -87.8743
1 185.177 168.703 83.8127 152.952 44.3057
1 186.938 129.199 97.711 133.899 46.6627
1 139.111 303.547 80.3828 113.158 -21.1777
1 479.154 153.66 87.6121 173.543 -62.7599
1 341.655 178.777 125.221 155.223 -55.3365
