4.82643
1 273.407 510.625 102.774 180.634 -8.84604
1 450.187 177.479 128.403 129.357 -75.7262
1 173.363 112.6 82.0838 178.498 -27.0047
1 294.064 481.685 102.249 111.878 -27.0716
1 480.952 447.703 119.275 173.96 16.9818
1 453.582 442.299 166.897 185.913 6.43631
1 490.842 300.496 130.183 134.142 -13.7805
1 321.566 131.87 96.6742 179.102 26.9868
1 183.486 236.271 82.8647 113.277 -73.2458
1 452.567 279.187 81.4248 113.49 -10.1339
1 416.114 195.79 113.867 132.986 34.8379
1 335.942 403.287 108.222 158.367 -76.8548
1 489.619 401.891 101.576 126.421 -63.7243
1 220.357 103.674 81.1647 86.2339 -55.781
1 248.266 307.174 91.8999 169.878 -83.6402
1 206.252 90.6955 93.5843 100.968 -30.6952
1 471.704 392.524 87.2121 142.235 15.4551
1 305.692 426.423 123.892 128.94 -20.5063
1 195.492 281.016 92.8607 161.721 9.02502
1 287.771 212.933 137.035 154.929 58.5187
