3.64526
1 164.647 480.67 141.748 185.598 -43.907
1 339.451 195.939 153.441 174.812 -12.2336
1 102.744 510.612 141.664 165.051 86.7493
1 356.843 63.1953 87.6565 88.4422 23.9167
1 546.113 246.533 83.258 101.643 1.54864
1 469.18 388.598 159.572 181.359 -7.69816
1 343.583 410.646 81.5458 127.015 57.0136
1 523.951 253.687 141.538 144.001 0.144669
1 250.664 146.95 144.062 158.001 -62.1734
1 334.356 427.403 102.892 140.375 81.5554
1 444.067 326.862 80.8251 163.91 0.412381
1 269.728 59.1568 85.6707 95.768 74.6217
1 356.483 409.736 102.195 143.318 44.2865
