4.41409
1 114.785 320.687 136.786 171.224 58.7234
1 117.744 374.713 96.0876 198.109 -85.6346
1 505.657 285.264 132.835 169.053 83.062
1 173.237 470.773 150.401 168.489 49.1997
1 242.226 212.972 148.337 185.63 36.2976
1 143.398 116.392 86.238 109.27 32.3249
1 414.329 343.685 131.084 150.577 67.813
1 257.122 190.572 109.452 193.505 14.8238
1 526.035 64.4321 83.3703 90.1913 82.529
1 515.682 483.638 121.89 132.244 -83.3928
1 441.439 208.153 133.368 156.352 36.2927
1 79.973 515.33 116.47 127.024 -9.9455
1 491.025 470.432 178.572 187.189 63.5736
1 91.64 549.425 91.4213 99.9066 -3.45615
1 67.0058 527.851 86.2552 87.0745 52.4535
1 501.208 506.071 103.145 167.413 -19.1408
1 530.901 167.49 81.6849 133.063 88.087
1 468.913 130.152 94.2726 126.803 33.1286
