4.03556
1 353.399 136.563 153.315 198.495 -77.9011
1 428.797 450.515 131.788 199.885 85.5101
1 207.523 203.921 156.085 169.003 23.8636
1 493.916 325.931 108.56 134.344 -44.3908
1 202.955 473.174 117.922 152.645 -44.5904
1 117.21 406.929 99.4906 136.109 -8.80961
1 147.677 370.143 94.682 114.815 58.0791
1 282.489 140.21 88.1629 149.22 55.6198
1 467.261 450.61 124.123 132.361 -46.3518
1 229.615 148.896 111.44 171.449 25.7386
1 229.156 436.956 98.1566 124.196 86.0685
1 257.548 382.551 142.696 172.216 -53.0219
1 421.14 417.122 126.703 127.546 -5.00335
1 401.838 355.722 155.553 176.968 76.7076
1 321.565 264.092 131.58 142.697 -71.2217
