9.93118
1 310.842 415.524 124.917 171.601 -31.6478
1 306.476 117.728 157.563 177.261 -65.194
1 96.4436 162.653 108.991 127.758 15.5553
1 434.131 446.151 88.2559 184.061 83.7954
1 111.658 286.543 140.409 144.106 -9.15214
1 57.3562 502.969 101.06 128.616 88.009
1 334.307 162.235 129.436 193.284 19.2346
1 518.413 259.479 80.903 147.448 77.7179
1 136.636 521.769 127.972 142.276 -87.6754
1 432.241 408.684 87.0439 129.432 -76.2631
1 110.031 509.548 105.683 120.042 82.9743
1 459.645 376.452 141.316 151.679 -30.5965
1 359.496 349.546 129.022 129.292 33.595
1 116.425 494.324 147.05 148.755 52.1451
1 299.083 269.664 151.61 159.628 -52.8939
1 178.404 234.337 114.035 129.166 6.86821
1 125.919 258.045 84.678 85.232 -76.6886
1 441.635 335.688 134.632 171.725 -46.3049
1 511.289 147.904 81.4566 115.426 -62.0807
1 474.428 153.313 93.7596 167.145 5.84454
1 165.76 277.791 89.5782 156.498 53.677
1 473.245 232.876 124.88 143.088 13.0166
1 339.271 237.401 154.719 179.651 -20.019
1 190.868 204.549 88.6756 156.568 2.9611
1 456.194 194.375 137.951 166.95 -63.7131
1 304.151 226.266 81.5173 130.971 -17.2583
1 118.665 542.833 75.7876 92.0648 -75.7038
1 123.156 546.285 92.224 98.9082 -81.2234
1 128.955 512.485 108.11 133.801 -52.8899
1 504.819 154.955 85.6164 136.391 -56.7781
