4.90944
1 498.701 433.172 172.05 188.608 84.4569
1 436.269 496.624 138.849 175.943 -24.1941
1 534.443 137.779 92.4853 132.963 -83.7893
1 441.2 459.767 184.283 191.655 -76.945
1 352.574 263.619 125.125 125.97 18.0393
1 360.822 324.048 159.981 177.161 24.7594
1 428.228 134.623 134.036 174.329 -33.6275
1 443.122 87.7123 88.9961 139.418 -24.0592
1 482.349 169.45 127.428 157.927 -71.8752
1 461.054 452.727 104.971 175.186 64.8714
1 395.013 322.095 104.239 131.669 78.656
1 370.629 271.348 84.639 90.7983 -1.96386
