5.60131
1 429.041 242.848 139.925 192.515 85.0401
1 178.161 396.846 185.963 191.673 -85.7082
1 115.901 121.052 144.066 182.889 5.76603
1 308.887 133.355 147.758 193.07 40.9394
1 287.729 434.777 179.329 194.247 -62.5047
1 274.707 198.998 168.656 195.745 65.551
1 190.502 309.59 113.659 171.878 4.35974
1 228.51 380.456 87.0965 113.007 22.6072
1 111.135 104.301 117.311 125.098 -67.8705
1 266.307 390.044 86.9364 104.801 2.86022
1 149.175 101.708 81.3142 136.001 -38.7285
1 396.033 275.544 142.958 172.117 -49.282
1 330.701 385.908 133.828 182.239 57.6886
1 175.821 128.103 150.199 154.614 86.9814
1 181.117 91.5231 102.578 129.828 -57.9357
1 412.344 224.871 96.8178 107.963 42.7512
1 305.312 256.483 137.462 169.263 21.2585
1 190.521 79.172 94.7662 98.7212 -70.2898
