4.07027
1 47.8366 307.686 85.0306 143.376 88.1468
1 476.159 162.333 160.438 191.919 -70.9013
1 506.435 364.471 136.948 194.849 -75.4808
1 151.767 292.158 142.886 155.949 45.7624
1 297.607 434.34 163.467 173.572 21.7305
1 342.874 181.88 84.4616 172.799 87.9513
1 491.388 164.492 116.703 132.952 40.0144
1 161.065 371.761 151.585 184.227 70.5386
1 514.957 421.539 96.266 178.073 -76.5575
1 320.582 486.536 93.3215 114.889 88.2756
1 296.619 468.659 132.26 178.102 48.2791
1 415.625 356.529 94.6584 134.314 64.869
1 423.895 476.972 98.4029 148.972 -33.7095
1 503.311 148.083 79.5155 134.235 51.9434
1 316.969 137.066 86.6625 106.046 43.6847
1 524.453 415.483 87.3585 89.1196 -73.6034
1 394.164 422.961 80.9876 85.763 31.0495
1 348.638 140.097 83.8927 105.742 23.3535
