3.40981
1 461.602 206.271 137.333 179.669 77.5052
1 133.803 232.677 106.612 180.834 -59.1243
1 410.759 329.353 96.4159 181.358 -78.9976
1 392.405 239.38 173.886 179.347 -18.6888
1 90.8565 364.99 131.701 148.499 -84.1571
1 239.76 473.712 140.762 179.458 -9.20628
1 315.086 521.167 84.0273 137.005 -74.9009
1 166.617 360.579 126.153 141.009 -42.0402
1 107.016 270.547 88.5538 92.8638 -9.23857
1 421.839 255.907 84.9941 124.344 75.9009
1 406.797 301.314 107.517 121.109 -86.0901
1 313.33 476.825 85.8774 169.209 -37.0914
1 289.975 466.746 146.389 149.34 -29.2724
1 261.935 491.473 95.1624 96.2604 -10.222
1 122.423 350.781 89.3423 93.68 43.2364
1 285.496 489.684 67.0929 111.572 -50.0343
