9.02439
1 61.7525 79.3168 111.911 122.521 -77.3326
1 345.489 189.158 143.156 168.03 -61.6315
1 454.603 401.054 159.057 167.341 4.61501
1 100.743 115.095 133.987 190.028 82.6991
1 356.665 504.293 114.569 144.556 -85.9948
1 133.855 321.93 157.258 165.512 -70.5814
1 190.765 211.14 151.323 189.198 78.9861
1 519.236 119.911 130.069 192.118 -86.904
1 116.987 81.122 132.184 146.903 4.77665
1 468.774 257.054 105.088 140.559 29.0825
1 430.129 424.561 93.8384 103.112 17.9432
1 82.8827 527.62 89.0428 124.728 -19.933
1 78.6375 500.799 119.158 131.991 79.5408
1 532.433 61.676 83.9314 123.337 3.25907
1 524.752 68.8886 69.653 112.638 13.2158
1 180.327 377.719 159.545 167.281 -8.01663
1 226.226 534.801 82.4657 179.55 -6.42479
1 178.202 536.715 83.1839 93.2965 17.7543
1 159.721 490.638 119.159 179.873 32.2671
1 171.872 324.138 74.6495 88.8391 46.327
1 374.442 265.995 83.0376 97.8684 -19.0162
1 443.334 257.587 93.2316 131.79 -60.2622
1 86.8832 83.848 122.833 157.899 -3.38278
1 531.224 98.5401 102.009 103.381 -4.14624
1 488.563 118.077 102.622 196.503 -13.7703
1 325.392 425.948 175.736 191.366 87.1492
1 444.544 202.277 83.706 104.574 -64.9833
1 391.242 369.579 192.32 196.487 22.9365
1 263.279 317.378 107.565 108.602 -41.2264
1 510.414 85.3269 125.72 142.26 3.78566
1 104.304 99.4418 84.6812 164.661 82.9522
