2.84503
1 119.86 120.535 127.064 185.079 -55.4341
1 504.445 364.627 99.4945 138.139 26.2816
1 454.966 162.423 148.212 184.358 -8.56764
1 192.105 71.9259 85.5107 114.462 21.6166
1 481.058 353.22 89.8404 184.246 -2.08253
1 469.901 117.131 118.934 130.996 69.3199
1 135.503 81.2376 93.2071 154.707 8.48722
1 171.857 77.191 92.9541 93.6487 10.9601
1 529.541 264.188 81.2506 137.739 76.1419
1 509.031 284.419 110.043 122.863 38.031
1 475.442 152.375 93.9387 131.982 -33.7095
1 517.325 168.027 83.7613 123.723 72.6365
