5.76129
1 506.626 103.506 164.373 174.055 -78.4712
1 156.161 402.366 128.371 140.338 44.7827
1 314.817 154.748 126.997 136.031 64.3043
1 305.958 431.422 124.213 140.161 -63.1431
1 168.528 281.384 108.247 191.527 -12.532
1 196.427 157.984 151.406 172.988 48.8968
1 500.993 491.279 109.254 153.869 0.179837
1 169.235 119.301 134.624 184.806 8.89039
1 469.984 269.98 137.144 144.437 -13.2972
1 156.506 386.198 83.2996 104.431 -82.3995
1 489.039 270.634 108.77 124.593 -83.3197
1 194.006 323.289 92.8397 131.615 -62.0229
1 515.065 293.472 89.4397 115.847 35.0227
1 482.281 484.614 147.911 197.39 1.19122
1 336.868 349.121 89.479 140.318 -24.0515
1 535.113 541.507 81.2328 86.6604 74.0395
1 509.52 74.5233 81.1136 128.264 -31.649
1 526.737 494.027 98.8498 108.981 -74.0558
1 492.872 384.914 98.744 114.971 19.2468
1 535.844 81.2452 88.0352 94.0875 3.05445
1 202.971 99.3393 86.7857 120.947 4.77021
1 346.061 429.911 81.5702 127.064 45.5489
1 404.199 365.438 100.47 177.833 55.8304
