5.65956
1 467.03 150.793 105.027 126.652 -32.2525
1 351.545 502.387 109.793 110.059 -56.2682
1 154.04 243.114 156.656 173.88 -41.0071
1 110.766 475.709 140.737 171.099 0.205107
1 246.562 513.9 97.5667 103.343 -51.0344
1 136.914 203.317 149.784 190.328 -47.5034
1 132.853 451.966 122.059 170.669 84.0246
1 396.207 197.217 107.829 161.232 87.2313
1 142.616 488.21 90.1878 98.8984 74.3275
1 186.087 224.9 80.3389 152.981 -89.6886
1 347.52 186.841 125.345 188.916 -38.5691
1 165.491 74.1556 81.5138 146.864 10.0352
1 292.318 90.83 105.369 133.055 -37.3108
1 321.525 108.3 84.7002 99.7174 -35.8566
1 193.415 105.764 89.1731 138.652 -62.9779
1 180.021 92.1427 99.2109 120.548 65.6922
