3.47984
1 444.361 144.11 181.434 188.892 -26.3447
1 134.365 166.33 158.028 179.899 -65.205
1 81.867 484.658 96.203 199.428 -76.4854
1 231.122 353.382 179.311 180.581 68.6375
1 457.768 282.08 108.087 173.803 54.0983
1 339.803 231.624 101.191 130.476 35.9362
1 301.09 354.889 104.942 133.491 -55.6007
1 87.5192 235.652 86.9732 157.183 85.979
1 239.939 313.607 123.261 143.747 61.0766
1 124.126 502.195 149.141 149.448 13.8371
1 90.3222 514.038 87.9905 110.038 83.9641
1 83.8533 212.488 89.6824 100.806 76.6381
