2.92351
1 331.446 222.523 103.512 188.693 -72.3364
1 270.76 486.455 173.664 180.554 0.883734
1 510.03 509.516 96.0457 114.365 -34.9383
1 87.8013 334.076 137.735 163.113 63.4711
1 122.756 425.2 82.8106 97.8365 -89.7181
1 481.538 507.602 139.272 154.774 -81.6496
1 133.264 439.492 125.128 129.711 48.0035
1 85.9264 165.951 109.357 133.122 62.5168
1 229.786 467.547 90.0832 135.804 -69.0628
1 100.122 337.645 87.154 130.481 -84.866
1 136.845 235.986 117.529 119.511 -46.1294
1 228.453 356.956 162.62 197.798 46.8596
