3.76298
1 311.844 93.9089 102.567 142.085 -85.137
1 112.23 98.1793 124.984 162.057 -4.85115
1 160.024 396.871 170.015 180.44 79.7947
1 479.037 155.589 128.425 156.263 5.60475
1 302.646 257.315 144.67 203.861 53.7378
1 350.602 88.0169 98.0712 169.056 -4.36051
1 208.36 414.928 101.406 190.742 43.0058
1 267.683 225.354 132.841 160.697 63.1219
1 198.383 301.741 132.618 176.913 53.5434
1 377.535 181.268 80.6919 85.5433 72.6922
1 142.796 126.597 92.5329 107.393 -34.616
1 162.958 136.815 113.784 143.493 13.6131
1 267.448 223.41 79.7556 106.11 -45.0821
