4.14212
1 87.3815 408.45 158.217 199.313 89.338
1 242.372 435.674 180.066 199.951 51.9279
1 288.992 185.568 157.616 197.039 -55.4993
1 195.154 156.845 134.812 192.528 -16.4535
1 325.726 83.7456 104.933 125.922 5.6231
1 476.357 496.977 155.603 157.537 12.2348
1 97.1582 458.794 111.541 140.147 67.5403
1 234.179 181.941 171.194 174.62 61.0907
1 509.117 449.075 96.0783 146.992 21.7748
1 177.401 511.536 110.182 135.681 -18.1793
1 223.896 138.598 91.1188 116.4 -22.1261
1 486.521 466.181 117.953 157.479 44.733
1 506.278 481.211 99.6105 105.208 -24.1906
1 521.581 521.047 82.2331 83.765 78.1806
