5.99553
1 224.864 182.908 134.992 199.152 12.5119
1 281.3 505.465 128.141 133.137 -44.3171
1 521.466 120.593 102.508 111.018 -57.5528
1 378.659 326.559 155.074 179.923 -18.4525
1 465.446 401.871 92.8795 174.252 -88.1575
1 266.031 126.647 122.918 189.511 8.73822
1 178.797 526.342 100.419 144.662 -12.0799
1 488.419 204.176 103.35 158.211 43.4411
1 509.906 246.787 115.959 159.547 80.0734
1 244.305 468.002 126.002 173.947 -68.2662
1 465.379 356.078 79.99 87.7074 -24.902
1 206.789 491.434 130.917 153.642 -46.9768
1 425.686 301.338 84.2056 118.674 -48.8101
1 353.466 138.904 93.6689 112.557 -21.7003
1 468.666 367.146 103.36 135.124 -15.2438
1 347.228 228.46 102.575 129.224 -38.97
1 374.359 185.033 99.5451 106.053 -11.6782
1 265.978 525.619 82.9742 92.8638 49.9448
1 470.488 163.416 91.2342 147.635 49.2569
