4.14725
1 103.32 496.267 95.7647 180.015 63.1946
1 321.688 290.88 134.826 147.294 -67.1602
1 458.561 100.453 127.444 168.33 -70.3601
1 488.335 132.973 145.419 160.797 44.5294
1 137.736 239.022 89.1646 125.806 68.0434
1 487.432 479.011 119.607 157.327 -89.7044
1 177.919 230.092 100.148 174.136 -39.163
1 235.747 415.088 147.214 184.495 -35.0884
1 457.437 439.68 151.904 169.711 -88.5128
1 167.225 533.428 83.2498 158.703 -17.768
1 134.719 505.957 101.259 147.876 -77.3721
1 120.086 296.181 82.0293 103.769 -16.6953
1 465.791 410.8 103.121 170.321 51.4484
1 479.235 96.9057 104.873 128.735 61.3253
1 208.247 312.344 121.012 128.862 79.6862
