4.69392
1 78.5047 329.963 138.857 162.451 89.484
1 235.904 462.295 92.0667 173.678 -58.256
1 257.498 444.737 121.623 167.205 -80.0541
1 508.234 530.793 82.4542 82.7271 -12.7729
1 169.221 181.477 164.658 179.061 89.46
1 403.875 255.993 85.1306 137.254 -11.2687
1 376.495 110.198 81.8106 199.094 46.9748
1 101.128 281.866 108.805 159.802 -67.4429
1 271.754 136.953 101.719 117.013 52.6344
1 382.065 359.041 134.244 160.153 61.3694
1 412.05 377.294 158.434 172.448 -22.2454
1 408.582 490.845 129.754 146.324 -15.0192
1 59.1008 204.431 88.071 102.58 69.9186
1 246.674 428.596 69.8308 97.9608 -37.514
1 441.43 518.608 83.8741 99.9471 57.6584
1 302.231 231.855 83.1184 150.18 59.234
1 352.103 68.9923 90.8689 106.86 -83.1715
1 340.672 85.1532 100.621 156.459 12.4955
