7.59056
1 467.706 157.695 154.981 177.551 2.81499
1 450.946 524.072 99.5529 154.686 -17.757
1 418.307 338.985 98.7885 131.422 -29.7819
1 200.105 128.849 84.2094 135.637 16.8108
1 310.923 121.256 159.481 177.761 -82.6152
1 401.87 346.782 132.057 162.919 -19.3665
1 245.735 359.885 114.543 129.552 -42.6605
1 358.84 511.722 89.9995 151.513 14.3611
1 253.959 233.813 125.794 148.934 -40.4214
1 455.606 303.748 87.9589 117.897 -50.6043
1 124.684 388.06 123.217 169.525 -86.3686
1 155.954 419.501 112.298 148.736 -47.2155
1 407.073 481.686 134.416 164.763 -88.8311
1 472.799 284.057 111.969 116.666 -57.9308
1 225.339 226.209 95.2801 128.446 -45.5194
1 302.758 211.088 145.531 155.997 -60.9365
1 435.355 190.74 77.2217 87.4028 35.8955
1 444.657 320.637 74.8287 82.1073 -10.6576
1 222.506 318.161 80.2657 157.328 -1.22094
1 435.934 336.785 85.9141 91.4126 -19.4704
1 397.006 514.557 87.5567 92.0226 -74.8613
1 445.896 178.252 79.1353 104.643 70.9969
1 130.463 342.713 111.654 118.028 -53.3153
1 445.919 183.337 84.4677 146.171 -55.0458
1 476.942 180.987 116.343 148.524 21.2055
