3.70231
1 405.96 125.479 155.726 192.821 -25.4434
1 414.739 485.408 135.762 142.12 27.1552
1 266.97 450.505 159.655 194.614 -22.8898
1 321.39 156.631 113.292 120.301 55.0951
1 409.976 174.143 106.725 200.111 84.6511
1 321.303 449.45 89.7361 97.431 -11.5175
1 434.418 381.38 154.918 156.813 1.77436
1 68.0996 58.4903 91.2207 111.98 2.0194
1 103.306 86.1194 107.604 131.105 59.5912
1 407.637 383.687 90.3838 138.196 66.326
1 408.526 344.597 102.351 114.653 17.9054
1 103.154 65.6184 80.0991 138.211 -14.2551
1 410.683 354.646 83.61 104.653 2.6031
