5.43528
1 419.804 342.51 184.568 199.765 7.13143
1 93.4482 215.625 155.807 158.355 3.53167
1 379.73 91.393 96.9166 165.183 25.9399
1 461.344 448.478 132.603 187.384 -25.9822
1 507.293 308.448 106.593 145.758 -83.4718
1 430.42 420.238 148.311 181.542 -23.5413
1 431.107 381.593 161.047 183.243 81.7547
1 336.929 119.8 93.5507 168.931 -41.3101
1 175.563 124.315 82.3181 117.82 -4.19275
1 226.263 209.759 105.58 177.535 41.6958
1 336.177 133.334 99.5277 126.915 17.8817
1 184.344 229.845 121.557 177.839 -75.3329
1 107.586 169.314 83.4728 90.9459 -37.1362
1 152.901 208.648 92.1583 104.863 -0.963555
1 288.541 145.859 121.272 153.317 42.0336
1 307.548 134.184 90.0069 120.951 -35.7122
1 433.862 360.514 146.987 177.302 -34.7746
1 449.113 350.974 137.521 139.275 -41.8569
1 272.463 117.819 86.2675 95.2407 -68.6271
