3.69235
1 157.516 304.247 140.963 170.817 -70.1266
1 308.854 334.751 91.5373 126.719 17.3199
1 86.603 470.882 156.444 177.491 -82.0229
1 162.607 155.26 143.058 143.438 37.308
1 132.7 279.884 84.7821 181.752 64.6853
1 89.0508 248.005 106.108 184.208 -86.4069
1 85.2806 95.9905 98.9402 139.377 73.9862
1 86.582 119.755 81.6635 90.3876 -0.982784
1 401.083 414.148 123.404 155.969 -26.5403
1 401.281 394.789 93.7912 194.724 -69.574
1 71.6129 503.995 100.794 107.833 -79.4355
1 93.2741 493.351 83.1335 176.01 -3.71518
