5.74559
1 103.664 474.732 182.212 187.891 -4.27395
1 116.824 292.701 120.743 150.949 70.8182
1 480.201 112.699 121.887 177.337 -19.1181
1 470.175 143.02 157.815 178.327 -17.1129
1 230.112 122.108 160.356 178.592 56.3986
1 480.419 185.889 96.5794 194.733 -36.3801
1 304.539 157.676 141.292 169.975 0.00091897
1 535.699 168.632 83.5813 122.081 67.4578
1 104.086 267.281 100.748 124.082 52.9073
1 506.69 127.65 86.2661 103.744 15.94
1 249.202 154.768 158.453 185.908 86.7509
1 54.5466 459.858 79.1419 80.8466 -84.2589
1 357.777 115.889 100.946 133.831 1.72973
1 100.076 432.887 96.3696 182.024 -14.1929
1 139.855 175.911 83.5158 98.0526 -73.1152
1 339.052 130.803 101.485 147.775 -0.791948
1 68.872 461.453 114.22 116.407 -84.205
1 108.382 460.074 96.0592 192.288 3.18732
1 122.801 165.333 100.89 168.039 -51.3353
