9.06726
1 153.635 162.98 187.689 189.037 65.4015
1 435.491 509.818 104.311 159.772 -8.65698
1 84.8254 310.069 123.169 132.723 -16.0874
1 453.127 315.884 104.58 155.062 -45.0113
1 508.83 109.929 134.585 167.049 76.0186
1 125.243 504.384 92.2938 92.4276 -25.9223
1 365.85 115.041 149.209 156.123 -41.576
1 157.565 497.624 96.9572 131.088 -23.7446
1 477.196 137.914 106.801 117.122 -87.3485
1 405.974 520.469 100.145 110.423 -28.0673
1 199.12 152.433 118.36 120.747 -82.3808
1 398.513 112.571 86.3063 117.467 -74.6504
1 399.998 386.856 110.02 183.211 8.89373
1 336.209 340.227 84.9928 118.769 22.7286
1 114.083 370.451 140.875 145.974 -60.9625
1 337.919 478.788 97.3505 181.696 -87.1446
1 441.371 353.088 111.422 114.847 12.9687
1 195.532 458.073 90.3005 130.318 10.4717
1 208.312 335.955 111.585 122.916 62.1681
1 242.702 236.265 84.8278 88.1876 -53.1362
1 221.45 357.215 97.9512 176.476 40.1458
1 492.596 85.4158 93.8219 116.125 -64.7553
1 429.004 243.608 191.349 194.964 20.7005
1 303.457 190.925 114.15 124.747 33.6186
1 210.978 458.268 161.718 166.713 -23.4745
1 181.648 348.617 98.579 125.865 -9.36027
1 323.354 462.136 94.4831 126.923 28.6426
1 194.166 468.745 136.017 161.814 -63.9193
1 208.793 239.959 111.666 141.073 63.2287
1 339.679 498.623 92.8068 107.928 -46.9556
