6.94609
1 492.046 156.555 181.255 199.031 77.1995
1 140.514 507.483 128.4 155.855 -78.3878
1 345.051 177.693 131.53 162.659 -67.0446
1 310.968 261.566 133.732 162.97 -35.2063
1 308.049 477.08 79.9931 114.103 31.4297
1 224.432 192.195 109.388 113.672 -80.4735
1 388.65 418.89 139.015 198.454 -53.6907
1 330.307 187.425 87.5008 123.832 -48.8286
1 406.753 521.626 88.5895 90.6751 10.2308
1 509.553 182.065 119.841 128.761 30.55
1 518.09 242.118 100.898 123.2 -63.8861
1 299.56 467 140.518 155.694 63.4173
1 334.997 444.032 138.661 169.712 -41.0018
1 181.852 496.52 95.9097 176.359 -72.1673
1 338.617 246.557 103.118 167.515 12.3197
1 143.425 502.865 109.128 145.208 84.0448
1 491.891 207.444 145.631 150.341 -18.6976
1 513.694 206.208 90.9804 109.082 -18.3237
1 155.234 522.228 96.7799 122.598 -63.5503
1 387.654 448.733 120.804 162.776 -13.4454
1 261.92 250.881 97.3963 132.617 21.6476
1 175.125 540.052 87.8265 115.595 4.22456
1 200.771 533.351 108.521 160.09 -7.56972
