2.86585
1 374.252 509.422 161.168 190.738 1.48587
1 356.725 520.793 128.766 133.134 89.6407
1 461.925 283.47 109.456 178.986 -69.1195
1 192.688 529.325 94.3251 103.018 -89.8772
1 471.275 246.729 106.178 137.085 -89.1537
1 171.192 430.065 95.6661 115.713 19.6555
1 127.86 470.08 113.446 129.069 47.7992
1 458.738 204.816 162.903 190.086 86.9411
1 333.768 540.121 97.5836 98.0007 -63.0463
1 397.503 95.7961 98.9557 176.843 31.0553
1 375.255 93.5151 113.108 114.857 -74.5641
1 419.612 91.7009 87.6423 110.272 30.7567
