6.50507
1 473.393 294.59 184.29 199.229 -88.004
1 62.5974 360.608 106.186 191.507 -85.4894
1 368.452 96.7455 183.46 197.925 27.6899
1 319.477 440.767 161.99 165.215 33.9336
1 234.882 137.777 149.964 166.984 -74.0572
1 441.454 432.656 83.0863 92.0758 -58.0829
1 262.874 468.907 160.129 185.156 46.0025
1 205.174 76.6073 92.7848 157.275 5.70974
1 492.431 419.783 121.551 125.721 25.8083
1 256.394 161.302 149.189 191.717 -67.693
1 384.642 313.686 180.004 185.232 7.80399
1 127.736 259.515 86.7267 125.262 -40.3797
1 215.324 425.652 105.997 125.257 -35.3727
1 205.185 124.613 142.847 197.504 -16.209
1 143.675 270.052 141.784 149.511 86.2091
1 115.575 293.591 99.244 141.841 -73.1852
1 385.808 71.9412 103.567 132.693 86.339
1 276.993 343.39 85.2506 106.35 22.5142
1 363.223 52.6832 73.8804 115.059 5.76844
1 122.715 279.033 90.6816 114.649 -86.357
