5.44041
1 488.628 475.937 129.527 171.133 -42.0174
1 116.194 393.588 163.766 167.224 -75.4712
1 239.659 452.645 171.978 186.485 -27.3301
1 141.303 324.118 155.477 173.203 -54.6481
1 488.845 351.547 107.037 120.094 -51.9573
1 322.974 158.116 105.366 185.034 84.5287
1 421.839 463.781 151.929 153.839 -6.0908
1 295.7 185.41 136.803 164.035 -85.8765
1 522.752 202.307 130.854 133.187 8.49282
1 186.406 434.594 129.046 187.837 -6.85808
1 441.988 444.264 93.2646 145.869 21.8418
1 385.276 248.469 96.7675 181.323 -84.6905
1 366.11 312.884 138.111 177.688 -10.4216
1 290.956 309.961 117.93 153.297 -43.8
1 547.395 253.188 92.6596 106.224 88.8558
1 173.811 442.706 136.938 159.452 9.55193
1 380.028 433.477 129.899 193.515 -20.6506
1 520.725 240.047 81.5254 149.257 2.90616
1 494.172 227.234 184.713 187.113 82.8478
1 540.835 229.46 93.0078 129.764 89.421
1 225.13 426.417 101.607 113.139 44.8854
