3.64284
1 427.942 208.427 144.958 185.849 36.1842
1 457.3 133.04 134.894 146.419 -86.0773
1 58.0733 479.669 113.224 161.929 89.7589
1 100.025 448.791 123.13 184.937 6.28263
1 51.0072 451.35 83.0032 89.8027 0.0729767
1 424.703 165.93 155.498 168.179 58.3169
1 71.531 428.626 129.395 139.481 87.4335
1 435.913 245.169 171.618 190.617 8.70747
1 430.872 364.908 113.596 118.669 -80.9159
1 507.527 360.188 111.947 126.419 42.3768
1 480.071 368.603 101.759 172.893 -47.9112
1 424.297 342.713 94.0315 95.562 -85.1562
1 66.1526 448.98 87.2319 113.241 53.5424
