3.72193
1 101.921 177.545 114.433 180.355 -0.106603
1 427.516 498.207 89.64 155.737 12.1859
1 124.683 374.92 136.6 139.444 -20.1629
1 113.348 119.789 170.041 194.805 -80.0376
1 93.6559 131.984 124.974 138.629 -58.4612
1 404.619 404.52 151.932 154.548 -27.5497
1 95.5644 101.496 139.057 159.968 -9.16769
1 399.888 408.045 82.0099 159.485 -35.7568
1 239.914 440.475 149.379 188.412 -11.2249
1 196.887 460.544 83.7083 157.125 -18.256
1 78.5417 167.09 95.2296 110.438 48.8112
1 189.372 395.393 105.377 192.565 81.7554
1 341.441 409.233 87.0435 136.743 55.7242
1 367.967 401.717 96.2059 141.023 -79.3004
1 81.8728 155.604 84.026 106.867 21.9699
1 193.304 437.334 84.2494 103.077 -42.195
