4.47567
1 420.614 165.994 181.42 190.852 19.9409
1 270.989 97.9312 142.38 183.308 3.09214
1 107.174 314.551 104.411 169.058 31.6682
1 63.8352 189.055 92.777 141.12 -81.167
1 323.452 172.634 105.109 185.998 -76.2818
1 162.784 239.518 104.715 179.7 -23.04
1 122.565 215.836 106.397 179.309 68.0559
1 402.098 148.372 81.2159 172.921 30.0945
1 349.804 141.746 101.046 108.241 -3.18137
1 120.963 211.357 90.2821 133.639 -74.7376
1 151.429 266.24 97.7874 177.893 32.1805
1 352.65 178.295 169.259 193.37 -19.0484
