6.49119
1 277.86 473.923 152.017 175.558 26.33
1 495.661 279.03 178.525 180.513 -83.9362
1 273.368 245.191 117.469 188.301 -86.5086
1 256.264 141.004 128.869 152.114 22.2051
1 421.613 126.868 149.666 187.849 27.7117
1 57.9118 488.741 99.4952 169.317 -81.0242
1 69.6568 535.859 102.999 105.326 30.8885
1 496.426 196.515 107.614 195.732 71.5432
1 80.4799 337.197 93.269 97.8796 -72.3813
1 195.68 410.576 149.273 161.458 -33.5206
1 257.07 437.305 124.406 158.438 -34.3302
1 280.776 104.787 86.1172 177.466 58.4995
1 234.447 174.657 134.965 188.754 -23.625
1 133.74 264.443 138.533 152.593 -23.5696
1 85.6584 515.901 126.714 147.398 -5.22532
1 91.4001 241.549 110.772 131.371 62.2843
1 66.7198 244.898 78.9567 92.1155 72.2262
1 190.396 432.889 108.819 109.287 9.52967
1 100.74 543.879 92.1648 171.786 -6.91103
1 104.2 259.354 88.0474 104.965 -55.9122
1 386.637 211.719 105.959 124.805 -53.9017
1 449.031 161.577 83.178 123.407 13.9858
1 474.694 198.989 14.2208 54.602 -13.7479
1 215.036 432.818 89.5221 128.093 81.0928
1 272.369 213.411 109.282 116.678 24.7306
