10.2955
1 119.379 179.139 82.6008 199.215 -53.361
1 423.728 116.911 141.432 183.297 1.33263
1 464.373 160.116 150.023 193.18 58.9283
1 539.981 165.379 89.7613 115.833 83.5621
1 450.587 122.771 106.198 140.182 7.86695
1 297.399 215.924 144.501 147.633 -62.1386
1 468.68 397.301 97.952 198.199 -57.0986
1 85.966 317.618 122.445 150.465 -5.39931
1 124.322 482.705 96.4873 101.794 -74.6274
1 292.777 176.719 148.591 156.022 0.607838
1 167.97 388.748 151.366 184.54 -72.538
1 311.07 527.208 124.634 136.48 5.66124
1 118.032 298.972 109.703 133.819 -18.3045
1 475.863 159.639 115.001 131.199 -61.0272
1 475.84 503.583 121.366 152.85 -15.8145
1 444.867 419.724 131.378 158.438 55.2121
1 81.9783 316.429 81.6274 102.924 81.3192
1 137.577 269.844 109.614 130.061 -3.88663
1 113.144 431.991 105.881 152.097 35.1319
1 462.239 493.912 104.624 188.239 86.5053
1 306.929 235.497 88.8426 196.364 -4.36271
1 445.948 412.576 85.7863 190.088 -88.6861
1 371.641 520.813 88.793 115.448 -78.7217
1 323.814 503.449 146.337 176.598 14.3804
1 136.36 427.517 74.7738 122.66 52.1971
1 356.765 266.977 131.169 140.838 -80.1304
1 207.041 444.599 94.7624 97.7655 8.48574
1 330.782 274.061 156.829 186.759 -21.8488
1 491.357 148.049 84.4179 111.677 61.7705
1 234.539 416.9 107.056 172.638 -52.2365
1 238.994 425.584 122.587 180.479 -58.6971
1 338.942 521.49 106.92 128.697 18.095
1 137.391 447.473 87.1932 93.2161 57.0355
1 331.836 532.409 88.2028 93.3731 67.6525
