7.69349
1 329.988 416.946 101.735 105.977 -69.6446
1 86.6913 391.911 129.454 146.059 73.2617
1 187.206 114.908 83.4934 155.857 -21.874
1 347.614 429.884 146.843 147.568 28.004
1 286.816 169.433 113.272 143.24 -48.2783
1 77.8845 141.171 95.3359 107.884 -84.518
1 378.247 223.35 149.575 159.618 60.97
1 89.6616 426.183 131.518 155.222 69.1186
1 489.943 268.128 75.6539 86.8734 47.0937
1 212.147 272.359 125.514 144.053 -80.8437
1 72.2108 446.883 124.476 142.65 88.2327
1 279.719 185.729 89.2674 116.996 -41.9898
1 399.488 238.915 90.8548 193.589 51.5551
1 273.779 390.585 86.0149 106.055 84.9021
1 151.891 185.28 149.056 180.255 -8.962
1 141.078 159.722 89.5895 101.047 36.8653
1 441.946 302.143 124.291 139.688 -8.7095
1 71.3579 410.282 97.2671 108.597 77.2335
1 274.278 270.581 113.268 170.5 46.621
1 375.191 370.704 119.266 144.611 66.5542
