9.59823
1 100.899 427.63 187.183 195.554 0.0292282
1 96.3767 442.817 120.245 179.878 -3.46133
1 493.067 120.196 154.401 168.742 5.54954
1 193.085 261.686 141.85 159.85 37.6649
1 80.2705 491.718 155.726 179.646 -88.5607
1 419.122 362.817 105.82 187.394 -3.02436
1 411.863 131.256 88.8158 154.9 64.1673
1 311.445 228.426 168.021 192.946 15.5607
1 85.2493 122.738 94.8567 107.424 -58.1005
1 185.208 131.62 118.238 153.909 -57.8579
1 110.206 202.214 87.9426 195.308 -16.9602
1 503.003 261.023 146.596 171.504 74.1513
1 291.925 168.217 148.931 153.158 -9.54221
1 464.621 135.648 88.4174 117.24 71.3804
1 478.94 406.538 135.256 145.225 -64.2997
1 82.1179 477.057 106.441 157.477 1.39031
1 256.637 256.166 130.879 153.458 12.8708
1 179.749 163.288 105.645 145.254 -38.7317
