8.24227
1 339.296 429.798 193.886 198.173 75.5293
1 88.3804 176.974 116.348 132.904 56.0271
1 334.158 48.9543 77.4419 137.261 2.5065
1 158.926 123.925 100.605 150.247 52.68
1 154.434 490.199 146.668 159.061 13.6816
1 514.157 117.957 133.208 189.587 87.9872
1 548.121 99.0451 92.1492 136.912 -88.2639
1 119.282 427.776 129.962 194.749 27.009
1 129.287 505.123 96.2185 146.415 77.9914
1 96.9973 525.005 89.6728 98.0273 -79.3643
1 261.528 309.926 78.9086 88.8836 -73.9957
1 254.056 406.592 95.5922 99.2589 -63.2665
1 88.2014 176.481 84.8834 113.269 -5.15922
1 128.832 135.391 90.1891 122.541 -56.6381
1 360.357 130.322 56.6913 83.4608 -78.3604
1 388.631 134.873 104.59 113.031 -1.51947
1 290.257 299.153 124.758 133.315 -16.5286
1 213.352 364.401 110.59 197.102 -79.4379
1 230.338 318.503 73.9187 110.284 70.5953
1 366.26 148.711 104.769 139.176 -78.9826
1 101.516 409.682 88.9084 163.081 88.5673
1 249.883 286.896 112.568 170.064 -75.8906
1 490.808 56.6352 95.7585 117.442 -5.10364
1 522.833 82.0008 100.55 125.638 -14.4434
1 486.241 97.4434 164.896 179.498 -3.72874
1 143.116 469.612 81.3575 132.838 3.62392
