2.695
1 318.988 224.833 177.611 193.188 -82.4701
1 259.724 458.734 140.194 147.587 17.9606
1 205.531 117.264 115.944 127.485 -77.1009
1 96.3295 103.033 93.2888 140.387 -38.0782
1 412.19 425.574 90.5369 192.079 -63.1842
1 65.6219 481.494 86.9529 168.27 88.4433
1 108.413 511.804 84.6151 158.285 -27.1392
1 197.263 353.371 113.899 135.046 30.2793
1 410.704 486.978 85.6199 115.479 -27.4054
1 435.825 227.346 151.094 162.177 57.6467
1 530.378 189.801 94.404 185.665 83.8368
1 531.496 181.713 86.6789 101.1 -73.1675
