11.2074
1 256.994 296.816 161.404 169.053 -43.9705
1 168.57 90.2014 124.14 159.216 4.70123
1 442.961 384.973 116.469 160.955 -66.0889
1 266.301 320.727 112.762 152.539 -12.7726
1 130.39 496.149 81.7252 181.437 57.6482
1 524.927 436.929 85.4183 117.522 27.5804
1 257.648 322.227 74.5438 126.455 -45.2277
1 435.825 432.47 154.96 199.678 70.6518
1 328.95 439.183 88.2984 175.912 77.8962
1 295.351 142.491 89.8872 180.548 55.5024
1 193.71 120.624 110.074 154.14 -73.4988
1 493.532 210.922 110.725 118.322 38.2032
1 209.747 500.329 103.346 141.807 -40.2066
1 460.485 214.245 88.4235 115.395 52.5341
1 437.939 256.614 80.6518 108.511 -69.7157
1 230.509 119.571 90.0352 134.038 -29.4563
1 421.794 393.792 131.908 197.018 37.7136
1 408.066 91.2465 104.456 143.549 85.7563
1 262.013 152.234 164.084 177.899 -53.1872
1 222.077 487.856 145.499 182.847 70.3501
1 240.614 528.285 93.8443 124.823 -26.1639
1 495.509 182.71 86.9698 171.234 -77.2965
1 270.606 407.474 80.1794 109.743 34.7778
1 419.991 233.184 80.5929 138.228 23.2272
1 327.536 338.311 86.2086 101.558 -51.1203
1 412.343 255.029 142.242 145.424 1.1268
1 468.647 363.878 82.7274 90.3669 85.7955
1 280.755 98.6539 96.767 106.449 -45.8879
1 428.005 77.8732 80.4743 122.126 -70.7403
1 199.073 518.117 83.6005 104.43 -21.1923
1 448.925 75.0903 91.1447 118.177 56.198
1 259.628 335.315 93.6842 141.677 -57.1407
1 157.986 521.953 93.2359 99.2754 30.8028
1 468.234 235.977 29.1438 65.3651 64.0731
