9.19857
1 124.06 165.297 150.548 183.939 24.8906
1 87.6898 291.349 118.895 159.916 0.0708396
1 468.602 299.085 83.3655 172.858 65.2683
1 151.081 312.509 123.89 141.469 -62.3906
1 244.07 442.777 124.02 130.114 -57.1562
1 525.624 431.332 85.6898 124.998 78.6184
1 156.25 294.867 95.4579 105.116 -82.7937
1 472.682 451.517 146.936 166.09 -51.5396
1 276.588 218.236 101.789 196.61 -80.5024
1 85.6971 225.826 93.8076 128.001 68.8615
1 330.11 372.876 124.25 140.524 37.9541
1 312.166 348.414 155.17 170.242 -35.5686
1 397.869 161.414 113.747 156.329 17.7162
1 323.01 98.5999 91.6136 103.559 -68.0054
1 345.716 468.027 100.466 124.055 -87.545
1 372.582 124.868 113.458 133.802 63.8626
1 250.717 181.109 104.306 171.815 -2.67177
1 291.719 471.644 83.4218 95.6697 52.7657
1 448.462 397.063 97.3741 111.734 -71.1973
1 494.108 437.363 95.6455 111.437 68.5097
1 306.506 210.755 120.013 126.85 80.3239
1 449.31 434.022 96.2166 152.593 -31.6525
1 354.523 448.446 96.1621 100.484 -39.2367
1 191.825 309.447 169.538 175.295 84.4451
