5.25417
1 359.509 151.361 119.937 197.407 40.4288
1 284.33 487.049 137.156 171.016 -14.2794
1 428.773 258.429 139.995 156.709 -76.3017
1 332.479 291.696 115.128 151.705 -71.6555
1 74.0244 189.344 96.4666 102.033 50.6091
1 262.004 455.349 120.897 191.826 -76.2241
1 95.4287 101.213 92.3876 177.032 -86.1853
1 129.56 108.439 117.109 179.514 -44.0474
1 221.503 479.485 112.919 142.035 51.6052
1 131.866 167.815 86.3849 193.688 -1.23405
1 389.3 295.278 83.8578 157.178 60.3368
1 187.5 483.79 109.549 190.251 23.7601
1 188.44 473.966 100.344 178.197 75.8881
1 103.396 117.794 93.5901 175.15 21.6173
1 249.757 502.815 65.1597 87.5953 -63.5259
1 406.509 254.028 98.5567 110.852 -50.6808
1 90.2389 175.512 84.1133 98.7822 36.5327
