4.23267
1 110.885 413.265 155.95 183.297 -6.25188
1 183.705 161.961 164.426 181.092 -40.9446
1 511.432 307.718 94.2368 145.291 25.3686
1 333.074 183.77 99.4789 178.6 69.9861
1 494.823 250.295 157.086 162.755 51.3798
1 368.963 439.695 105.683 107.744 -76.0502
1 153.414 153.491 113.048 135.508 51.6408
1 378.079 213.939 110.308 163.86 -8.95729
1 104.118 452.359 108.481 138.087 60.5117
1 83.6412 424.393 85.8127 137.837 -34.8929
1 273.522 271.558 96.7254 162.257 -5.40007
1 119.544 210.492 99.323 104.5 -32.7962
1 504.916 326.797 92.8893 99.6265 -33.8367
1 356.175 401.513 100.451 129.915 30.7689
1 382.439 344.875 154.121 176.043 11.4505
