3.40528
1 484.096 203.877 158.127 172.751 -67.2688
1 91.5747 190.007 94.4881 197.679 77.6149
1 67.6686 323.43 89.2114 101.446 -82.3698
1 274.472 84.2278 127.628 134.542 -89.6117
1 250.257 102.148 174.181 189.953 87.1089
1 536.559 120.483 109.12 127.157 88.5168
1 142.715 275.714 80.4255 122.582 -9.19699
1 431.158 102.226 90.6516 101.657 4.10626
1 301.54 65.4827 99.4481 120.845 -14.1879
1 383.317 123.225 177.713 200.115 -20.2108
1 112.48 209.198 80.2632 185.533 -43.0315
1 317.359 59.5404 87.8452 93.3436 75.3852
