7.76775
1 433.743 327.717 141.836 171.051 -86.2117
1 221.522 85.8691 130.273 131.008 -0.394297
1 445.584 478.062 149.004 178.457 11.6498
1 124.297 93.7302 110.452 150.468 -30.2634
1 249.025 354.831 122.004 183.542 -40.9733
1 98.8157 336.5 130.54 169.712 -13.1953
1 141.144 401.688 119.409 163.203 -17.318
1 196.757 253.745 156.698 199.307 -42.7755
1 155.364 113.339 145.099 171.257 -8.59678
1 187.524 93.1894 106.074 138.336 -27.6586
1 274.451 510.87 76.9255 107.158 2.29133
1 436.452 451.773 103.507 111.834 -6.44455
1 503.581 379.093 89.8259 119.085 -87.5432
1 421.709 373.07 82.3947 126.145 3.70044
1 507.044 444.13 91.2175 130.327 15.2407
1 292.888 453.263 167.619 175.982 1.39962
1 247.097 495.071 122.19 164.85 46.1596
1 159.934 130.554 93.9503 186.274 -89.3139
1 224.882 317.281 98.9135 153.971 36.8719
1 235.905 337.818 110.466 127.028 75.4515
1 302.802 489.388 81.4534 110.269 29.7443
1 307.484 458.35 113.995 153.246 75.2964
