6.02119
1 188.633 376.225 177.967 190.369 7.06481
1 393.808 484.69 114.187 158.161 -19.4537
1 100.907 473.583 148.899 156.264 -3.65528
1 242.55 520.488 96.1462 157.146 -0.231882
1 135.81 441.69 86.179 186.628 -26.9811
1 249.226 498.542 98.4708 140.061 -0.19636
1 96.3381 90.0122 121.577 142.154 70.9957
1 190.89 416.136 93.7605 166.497 44.3398
1 360.5 442.572 102.53 176.432 -80.3575
1 71.858 97.39 88.2454 100.728 19.2627
1 86.6495 262.044 94.382 152.116 -12.4199
1 94.2104 139.435 133.309 191.489 71.8684
1 92.1417 110.918 108.407 168.548 0.777593
1 73.8801 328.092 85.0059 134.123 -74.7221
1 75.5309 279.104 75.2852 89.3088 -56.7218
1 124.058 428.381 97.2227 135.445 22.588
1 71.2603 275.828 87.3268 88.9857 -36.0538
1 88.3441 287.632 96.2314 109.21 -65.665
1 324.715 451.668 112.392 183.245 10.1234
1 108.223 256.187 93.7299 182.19 -56.0311
