8.30899
1 110.747 111.911 102.194 169.008 35.1187
1 181.056 454.411 161.422 183.965 -31.9703
1 506.585 165.747 97.6602 151.116 -76.6919
1 359.782 508.526 135.341 184.613 4.21392
1 462.833 152.673 137.643 199.35 45.8601
1 225.079 106.064 113.13 136.233 -17.6163
1 155.271 422.724 80.6249 164.192 -23.7187
1 271.741 123.837 102.339 187.896 -18.8
1 157.406 333.348 121.996 188.203 66.9066
1 473.205 270.321 139.061 199.671 -22.7274
1 205.894 288.854 175.181 194.981 35.679
1 449.032 520.51 107.445 138.11 -19.1835
1 248.833 190.414 86.2503 190.148 5.11655
1 123.321 168.259 116.246 140.596 62.9194
1 265.823 322.077 96.8885 143.839 -51.8603
1 464.051 216.305 128.864 160.269 5.37894
1 245.093 175.05 109.169 134.585 -1.25393
1 395.299 520.165 66.3519 95.2812 79.9893
1 518.079 390.698 109.995 170.847 79.4332
1 508.597 247.144 90.1483 111.179 -78.1127
1 389.174 481.922 174.662 199.527 15.2063
1 525.112 428.431 97.822 191.669 85.9039
1 534.904 393.366 84.8519 90.6933 62.3336
1 450.611 238.56 79.9039 185.163 -24.3821
1 377.775 512.339 96.5748 129.898 57.0617
1 497.248 420.338 97.4948 157.152 -8.03654
1 293.419 397.175 83.9917 174.164 36.0235
