3.52451
1 483.803 322.607 150.78 199.202 -2.30132
1 464.443 81.3938 153.425 193.21 -0.473957
1 480.864 296.695 137.667 161.31 -80.0607
1 65.223 110.597 86.4892 169.357 84.5359
1 489.656 73.3747 118.797 136.675 -0.662016
1 523.697 96.5921 122.234 127.181 -7.87081
1 107.07 98.9666 165.064 188.616 86.9649
1 124.426 72.79 107.766 192.549 11.3786
1 114.024 54.2759 82.8388 141.122 10.4463
1 505.082 288.552 95.0615 115.408 44.3125
1 483.89 203.266 158.422 171.176 59.9208
1 515.108 88.7654 99.7041 115.441 -37.9073
1 526.371 83.0879 82.5981 98.8232 85.3015
