3.39864
1 263.329 355.141 166.364 195.302 -38.3231
1 470.874 510.314 106.3 110.224 -85.3415
1 532.67 519.121 106.935 144.102 85.848
1 425.5 83.616 118.224 156.777 89.5401
1 95.8924 77.8738 115.484 133.549 81.2278
1 373.114 315.588 96.0236 117.653 60.9895
1 426.433 48.1187 85.0696 93.6159 2.47182
1 346.303 212.776 99.5204 100.628 -20.0505
1 303.177 105.296 115.366 134.353 -19.2561
1 157.714 107.813 171.871 174.298 -7.43226
1 252.975 139.115 100.371 102.883 -15.6994
1 289.497 229.821 97.8914 113.35 -73.2804
