2.71855
1 510.323 131.872 131.477 149.402 -12.47
1 109.422 338.283 130.383 178.374 8.52022
1 460.847 473.912 141.26 177.508 -24.6439
1 365.768 79.9932 114.209 126.573 7.51806
1 350.994 95.6904 149.095 163.524 -16.8359
1 67.9349 323.675 83.0753 92.8302 21.0392
1 439.2 282.998 124.964 182.569 68.724
1 341.128 213.2 83.0548 146.749 -72.1935
1 480.515 138.651 102.208 117.255 34.414
1 510.696 453.14 90.9623 130.884 -88.7673
1 534.379 265.901 87.856 99.1809 68.3926
1 541.038 347.281 88.9896 158.501 79.8009
