4.66796
1 427.531 103.508 94.3355 198.147 28.0403
1 152.673 507.636 156.879 189.135 7.80084
1 495.951 314.884 84.039 127.797 60.1079
1 480.057 384.779 99.6066 181.72 89.3874
1 265.628 129.326 96.7548 189.435 -3.84429
1 446.363 136.161 88.4135 185.526 48.4655
1 157.475 460.28 110.02 141.904 45.922
1 273.017 394.628 162.244 168.652 14.0131
1 309.083 529.758 102.517 106.121 -20.3973
1 323.074 482.666 108.54 140.89 6.1578
1 277.098 159.33 99.5535 182.374 -41.4929
1 269.541 275.499 105.518 156.582 86.2033
