6.80029
1 84.7978 438.183 108.706 137.74 -88.7026
1 476.7 431.672 161.233 179.741 -78.7631
1 212.284 134.296 137.822 159.902 15.6072
1 302.128 284.309 97.031 164.121 51.9174
1 153.232 430.171 126.084 188.432 37.9329
1 250.567 356.823 105.801 125.392 45.4867
1 486.094 198.203 128.117 179.077 64.546
1 499.584 145.643 103.913 158.602 -53.3852
1 110.253 324.592 106.122 191.345 39.9341
1 309.629 112.59 154.57 180.83 -89.188
1 111.327 427.462 123.499 133.429 7.53278
1 297.104 286.881 87.9783 101.102 48.5134
1 430.546 472.301 127.681 180.192 -4.24142
1 330.316 97.9292 81.1164 185.848 16.9602
1 470.004 463.923 114.419 144.825 1.1039
1 458.464 181.327 134.949 156.074 7.35254
1 256.069 132.779 125.244 136.548 -4.5662
1 414.703 455.666 78.7547 185.388 35.8891
1 107.655 334.337 86.6673 93.7495 11.5101
1 467.626 168.473 80.8985 110.783 75.65
1 225.599 253.985 109.172 114.216 -34.3612
1 216.423 110.17 82.045 90.8863 -67.0717
1 440.932 480.792 103.741 112.433 85.7401
1 186.98 277.429 97.7156 143.735 9.89262
1 444.581 161.381 84.3888 99.8949 -75.0977
