7.16796
1 430.963 490.627 165.577 173.388 20.4342
1 501.69 80.8867 135.038 173.252 -4.7543
1 539.951 154.39 112.286 160.22 -88.4954
1 73.6157 503.534 101.144 128.189 -2.66528
1 83.3816 129.316 101.353 140.015 -48.3619
1 541.053 102.715 82.818 167.765 80.9652
1 69.8545 521.959 91.9477 116.445 38.5775
1 103.777 496.519 151.046 186.08 -6.53835
1 92.5195 294.319 94.8003 103.457 84.474
1 400.9 364.645 127.682 173.104 12.0647
1 110.959 147.199 155.712 172.794 3.86257
1 510.203 401.994 96.3716 113.417 84.5862
1 54.3702 507.386 83.9818 98.036 33.2624
1 82.7199 99.3114 100.706 133.719 -7.223
1 499.283 130.229 83.7776 176.318 -19.0991
1 72.6692 533.497 100.976 104.266 -79.8272
1 124.078 252.322 84.1331 157.441 -32.2681
1 51.5275 91.1317 83.2518 95.751 -87.874
1 174.246 415.606 81.2706 159.612 -1.95729
1 216.966 394.06 85.9116 152.203 -59.681
1 262.228 350.642 140.829 186.663 -77.6519
1 149.645 246.793 93.448 184.109 -17.8043
1 151.719 288.411 130.944 195.737 8.22229
1 506.223 432.127 90.3718 93.8503 -18.6074
1 289.21 361.482 127.831 191.17 -63.9493
