4.20853
1 436.251 207.856 151.691 194.935 -11.0123
1 264.545 447.934 124.333 130.686 29.8968
1 439.351 295.98 139.888 197.898 -37.62
1 198.074 199.221 161.699 184.301 -57.4121
1 212.825 201.936 101.545 155.65 63.6323
1 184.161 456.907 132.167 153.062 66.9629
1 288.828 278.019 83.2888 121.297 26.277
1 513.475 190.776 98.2275 100.736 -1.09902
1 181.168 101.701 79.9354 162.422 -0.762797
1 74.6429 91.8489 92.9155 108.643 -15.7923
1 232.42 352.289 88.7371 155.046 -15.8333
1 180.532 451.872 81.2842 142.899 -67.9906
1 96.288 166.576 89.8566 106.127 -0.494617
1 488.55 279.439 81.7269 107.02 -30.6572
1 124.908 80.6387 79.9228 121.481 53.9662
1 306.286 291.159 101.921 153.252 23.4568
