6.65932
1 316.118 299.696 128.947 153.102 62.1075
1 131.381 191.415 162.057 179.465 -57.8138
1 78.9446 507.323 139.613 145.945 1.61279
1 348.722 470.089 124.804 170.4 -35.2165
1 422.395 386.362 108.963 189.378 42.7237
1 189.024 342.165 124.333 172.361 -79.0402
1 112.86 220.846 139.174 153.264 76.99
1 541.016 216.244 80.0866 188.519 -81.7052
1 397.757 61.6298 94.2226 118.203 -10.7193
1 62.5194 536.418 65.8584 79.5637 -15.092
1 456.701 517.255 101.75 124.89 32.4998
1 114.626 289.58 117.635 154.343 -78.3713
1 507.309 174.874 148.337 176.286 85.6349
1 317.734 251.406 173.875 197.573 -67.3577
1 517.658 144.114 117.169 166.185 78.3467
1 458.739 494.258 115.943 130.049 10.2605
1 353.592 367.742 129.159 156.638 38.543
1 377.021 156.191 98.5422 166.45 17.4098
1 75.3312 534.728 108.085 109.361 18.3619
1 446.982 104.736 99.124 110.355 -4.99712
1 331.953 494.32 120.605 134.795 0.536666
1 408.014 160.596 95.8252 116.22 36.5931
