3.26159
1 121.184 521.095 97.1339 142.157 -12.6612
1 411.855 254.838 189.424 191.614 8.08671
1 371.232 316.759 136.004 168.124 -4.10406
1 241.455 131.892 111.547 173.152 1.86589
1 113.03 131.355 112.38 128.751 -42.9517
1 122.458 415.292 160.532 183.326 -58.6664
1 181.212 425.587 106.24 167.733 35.1079
1 149.323 436.902 93.9294 124.059 -46.3377
1 152.691 212.509 102.069 114.672 57.861
1 155.695 242.767 99.6505 175.521 -86.4566
1 366.889 226.115 92.1853 147.511 -12.492
1 350.886 204.442 137.931 141.554 61.7981
