4.71263
1 182.45 402.981 167.754 174.209 62.2102
1 305.938 481.464 119.145 188.582 46.0954
1 213.183 395.005 103.046 150.716 72.4983
1 490.74 546.808 83.67 125.705 5.73525
1 259.709 402.349 113.056 149.414 -88.0985
1 522.753 496.117 98.6273 108.602 -12.7355
1 480.601 336.959 107.072 197.503 7.28325
1 509.799 333.009 125.371 175.865 -73.7981
1 506.268 526.879 86.0193 98.3944 -6.82899
1 475.475 489.649 80.7301 198.389 24.6118
1 515.26 304.717 98.306 112.22 35.5108
1 281.441 436.711 115.063 134.2 -83.7482
1 526.203 346.481 94.9622 102.593 -45.9339
1 277.688 414.751 141.287 176.423 83.0632
1 497.576 487.671 146.807 156.009 14.7858
1 499.185 312.633 101.414 175.081 28.7599
