4.26377
1 478.734 148.979 139.969 182.985 -29.5784
1 494.344 441.612 83.5589 149.813 89.3995
1 127.875 413.949 101.225 186.137 -84.2132
1 429.119 448.209 148.294 191.434 16.6439
1 365.113 543.91 83.4932 189.559 -0.568369
1 229.516 108.749 168.377 190.303 15.2037
1 136.413 378.215 96.3058 129.493 -53.8986
1 324.918 115.469 117.731 174.933 49.5748
1 396.154 255.028 90.3473 152.63 -73.3447
1 126.555 247.87 114.315 164.309 -78.7354
1 117.425 85.9928 96.7827 98.026 89.4513
1 81.776 135.682 106.979 112.05 34.9134
1 97.1472 125.484 95.6133 103.933 73.0742
1 347.261 218.028 112.479 124.589 83.2841
1 386.885 538.247 86.006 108.766 18.7669
1 476.802 472.966 79.7731 106.587 -44.0293
1 430.515 537.191 84.1143 146.018 -15.4592
1 266.629 125.482 130.356 171.433 -77.5188
