4.57257
1 382.928 111.216 113.255 157.606 -14.8817
1 67.6911 316.98 123.744 131.926 -87.5801
1 501.672 180.264 162.846 165.479 -79.8642
1 283.684 310.94 109.756 129.193 50.3781
1 50.7905 293.115 80.2474 161.543 -89.0109
1 48.7088 259.664 87.1586 129.638 -89.8495
1 305.82 316.487 80.6906 81.9134 67.652
1 452.814 165.436 83.6773 154.384 -45.7422
1 173.92 461.006 123.676 136.477 -88.4117
1 230.69 483.748 135.514 197.812 -2.62408
1 350.931 264.091 152.462 152.952 -79.168
1 195.397 473.45 115.433 173.695 88.9775
1 364.274 481.114 102.637 174.311 -51.2693
1 404.733 360.145 129.582 156.39 -45.8823
1 494.112 317.307 121.074 155.124 82.4051
1 396.773 393.647 80.3461 171.851 -68.3248
1 51.3565 278.588 46.0661 83.179 -27.3036
1 506.443 424.369 83.3582 97.6163 53.3994
1 483.126 433.549 88.1124 188.217 -33.1875
