5.22006
1 386.424 382.06 134.286 177.328 59.0869
1 269.039 163.307 146.144 199.945 61.0827
1 411.61 477.792 79.7833 147.924 -83.5679
1 222.94 110.244 118.7 141.636 -75.7153
1 154.838 441.151 109.068 162.962 53.9984
1 229.616 137.478 151.316 160.39 -88.8615
1 401.01 409.327 101.028 148.895 66.7983
1 263.807 379.027 127.2 173.47 -35.1751
1 232.636 497.127 93.0012 112.693 -25.9529
1 337.7 93.493 83.8723 128.277 26.3753
1 329.996 440.41 91.077 98.6892 72.8497
1 313.031 130.829 128.892 185.476 -15.4156
1 236.671 353.546 121.015 197.52 88.3936
1 196.725 379.264 137.914 160.485 -57.3904
1 279.499 127.234 92.0047 126.828 -41.3966
1 409.014 424.06 71.6697 85.9696 -33.605
1 171.312 471.671 88.8397 114.834 -60.2294
1 309.515 459.242 81.9488 159.32 20.8542
