6.87545
1 484.235 493.099 142.89 160.864 -59.3728
1 136.985 113.887 119.636 181.23 36.4729
1 465.66 118.027 138.563 141.515 -33.0579
1 324.223 293.69 105.507 146.001 58.6634
1 62.6184 382.317 86.9337 177.446 83.2699
1 346.109 276.589 160.632 174.511 70.863
1 263.914 59.2324 84.8827 111.055 -19.5475
1 201.377 251.066 119.248 141.969 -45.0945
1 518.728 474.459 107.756 122.046 75.437
1 63.3463 284.866 102.754 116.019 -79.7778
1 135.455 171.686 96.7785 107.491 -25.6584
1 427.937 107.438 82.0523 194.543 -89.6238
1 181.136 246.766 82.2021 132.471 -72.045
1 333.904 125.66 117.3 189.565 76.0925
1 329.653 395.213 98.7809 165.289 37.9326
1 108.019 347.43 101.542 194.753 -3.01984
1 64.7153 338.1 81.4515 159.85 -89.8362
1 393.912 431.888 112.937 161.823 47.3063
1 452.274 100.664 107.35 109.112 66.8417
1 505.009 491.641 94.2609 111.462 53.6464
1 501.372 522.598 86.7434 132.501 74.3217
1 450.88 93.048 70.9805 93.7463 -50.5017
1 171.76 259.28 139.924 198.199 -24.5541
1 321.796 75.1177 82.3972 135.819 -20.0457
1 305.233 313.542 151.29 172.809 -78.6218
