3.11217
1 376.191 370.508 168.208 186.541 -21.615
1 420.117 147.633 140.723 187.345 -27.417
1 343.356 450.883 133.624 169.078 68.314
1 209.195 264.994 99.4215 174.545 -18.4554
1 94.62 348.469 101.052 167.08 81.0979
1 188.123 505.452 117.24 123.223 77.4021
1 535.152 124.946 101.822 105.957 2.70903
1 180.334 474.548 152.204 199.86 -84.8977
1 197.347 348.031 126.408 181.132 36.8328
1 340.926 420.474 120.49 134.207 -43.6027
1 456.659 149.857 122.149 157.248 78.8746
1 230.186 510.77 100.445 124.199 4.14501
