5.73322
1 445.034 239.886 191.226 196.896 -2.02196
1 149.76 315.843 162.243 167.033 68.3527
1 499.195 123.163 80.7535 145.315 36.0212
1 116.68 348.641 83.8791 150.584 22.9068
1 131.239 442.553 87.0005 138.625 26.0946
1 445.955 159.429 136.725 172.496 -26.5523
1 485.618 234.338 129.912 135.548 -86.6959
1 359.899 481.641 141.632 151.796 -26.9218
1 167.393 337.748 135.99 143.934 72.7663
1 449.882 226.24 98.552 184.722 -46.7835
1 221.408 515.665 97.5825 125.78 -13.3812
1 191.707 383.942 90.1526 141.343 13.4967
1 198.343 419.932 146.155 182.288 -53.0386
1 342.281 483.911 99.0464 126.621 -4.7329
1 303.989 535.622 80.3832 102.481 -12.0954
1 359.826 508.542 88.3082 185.447 -14.3421
1 490.492 205.616 85.8683 127.983 38.692
