4.14453
1 330.963 499.571 173.777 181.525 86.4518
1 172.031 375.264 148.85 190.708 -69.9689
1 379.111 497.881 162.208 192.11 12.9151
1 406.024 147.52 85.8249 111.2 -9.81912
1 458.392 302.827 183.148 192.989 -59.9027
1 94.2993 267.759 104.973 105.318 77.7078
1 502.893 368.744 88.5349 164.885 -63.1249
1 158.542 360.261 89.8361 125.646 74.157
1 198.708 307.951 80.7243 190.169 32.1869
1 426.854 85.9797 103.147 104.436 13.0433
1 509.152 124.718 99.9703 105.29 27.9058
1 481.102 292.34 113.626 147.132 -7.84354
1 501.121 147.792 88.7689 107.012 -21.9622
1 334.874 531.176 109.018 160.354 2.35563
1 363.732 538.271 84.3403 107.266 -13.9023
1 491.442 261.731 146.372 151.251 -84.1843
