3.91844
1 250.814 475.847 143.387 185.705 50.978
1 128.064 88.9419 126.406 160.22 88.4066
1 137.539 389.707 186.083 186.37 -27.7502
1 531.776 108.177 132.423 146.265 -89.5943
1 383.501 221.166 101.163 103.32 -69.8766
1 382.168 323.691 154.083 167.236 -89.2477
1 182.952 417.421 118.477 182.348 4.20264
1 271.648 299.628 170.7 171.683 58.5653
1 263.897 178.266 92.1943 196.624 -48.0954
1 150.283 97.6131 83.4087 83.9315 -32.5837
1 224.676 85.0849 94.3767 104.539 4.13673
1 189.69 260.292 87.5328 93.8453 80.6344
1 531.515 60.109 82.5188 100.023 -27.6948
1 541.433 78.9044 86.4179 96.2833 80.8486
1 155.676 175.183 95.3454 103.083 67.393
1 526.825 69.4547 66.8086 100.704 -10.6313
