8.60903
1 141.591 419.266 195.463 196.834 72.5456
1 398.171 456.478 83.9018 140.515 -21.1122
1 209.945 126.245 117.035 170.846 60.6298
1 235.588 529.004 89.6559 120.247 -16.1125
1 182.027 132.922 124.9 127.338 -1.86048
1 408.25 104.791 155.271 176.802 -11.5061
1 392.163 478.655 104.551 137.219 4.06523
1 496.776 243.492 94.3021 130.295 68.7871
1 272.654 434.712 100.15 178.639 -19.0641
1 550.939 356.493 85.3308 127.237 -89.8712
1 220.64 132.004 175.976 197.98 -86.0297
1 121.939 144.272 114.279 136.01 -50.8493
1 430.643 271.026 140.583 188.335 3.95242
1 355.475 102.026 124.733 160.799 -3.61434
1 309.498 144.435 87.1413 91.3854 -75.3712
1 168.002 445.052 87.461 136.871 56.751
1 451.511 288.614 122.656 147.488 72.3796
1 534.855 434.841 86.6656 182.054 78.1701
1 450.195 230.546 78.7931 187.566 39.9837
1 522.252 441.102 105.239 129.751 -71.5097
1 134.919 485.719 106.081 111.784 -1.16218
1 322.682 389.386 103.908 171.999 -12.3617
1 120.822 123.638 96.63 114.151 38.1488
1 281.005 407.926 149.895 154.584 46.7186
1 369.396 92.4428 81.2071 158.864 -61.7173
1 526.232 468.658 88.9091 166.512 -69.2745
1 143.386 514.284 84.2235 86.2717 -26.5512
1 528.672 396.838 88.5413 94.3194 0.743542
