6.83501
1 149.046 513 118.602 178.455 10.97
1 426.033 118.325 157.286 196.424 -13.9926
1 356.129 303.905 82.742 191.057 -79.7548
1 75.8424 144.992 142.162 145.225 -89.3722
1 292.084 418.987 166.301 168.034 -81.7357
1 94.6503 482.327 73.6679 86.9739 -57.7631
1 254.104 299.722 82.8626 144.149 44.9425
1 531.843 71.049 82.6154 105.959 -21.325
1 138.537 454.629 179.022 199.615 -68.8678
1 105.364 178.039 118.712 183.014 7.52442
1 85.172 206.167 151.563 159.334 59.8979
1 91.0062 451.769 135.437 138.439 7.46513
1 118.039 493.539 80.6676 118.379 -17.5173
1 466.491 101.998 90.9459 173.956 -31.8936
1 379.104 320.428 125.52 139.968 2.61512
1 542.137 266.692 94.3915 166.441 87.7967
1 494.6 232.355 98.019 184.315 8.75951
1 250.992 353.682 125.457 126.931 -42.9464
1 473.191 146.88 115.669 130.865 22.1502
1 60.6327 220.385 107.833 112.335 -80.5127
1 553.988 267.524 84.1727 87.7028 89.2283
1 516.333 163.869 99.7308 101.988 53.3382
1 501.829 255.825 87.5739 175.528 -5.00367
1 64.6631 171.859 88.0377 106.509 29.1144
1 63.4968 219.001 96.2165 111.415 73.6258
1 538.109 255.371 93.3803 102.993 3.61241
1 88.4033 478.645 83.8956 86.732 -50.3354
