9.60366
1 540.183 455.849 95.8772 170.758 86.493
1 313.408 221.52 162.262 199.637 -43.2318
1 92.313 86.0551 117.23 156.289 14.7334
1 91.3607 499.219 82.9897 85.2388 6.93097
1 135.122 170.851 154.718 193.227 81.5224
1 517.865 194.684 138.01 140.668 71.5734
1 541.864 275.917 109.728 185.094 -89.6045
1 277.07 512.595 147.096 165.979 9.43518
1 107.784 109.574 93.9351 161.595 21.5247
1 496.215 482.229 126.468 160.136 -52.2755
1 85.447 527.251 87.3691 94.6648 79.1347
1 285.092 309.404 119.576 168.867 45.2708
1 293.51 470.584 120.292 125.362 -27.9187
1 392.351 531.241 117.284 121.964 8.08641
1 73.03 187.133 90.9275 107.669 -75.6671
1 117.207 442.043 114.888 171.17 -78.8687
1 542.027 237.966 92.5092 127.091 79.5384
1 485.324 536.976 84.515 108.476 -87.9604
1 101.177 196.365 93.4249 160.008 76.1494
1 489.281 498.868 87.3175 173.769 -88.6995
1 121.765 455.85 125.003 182.171 12.693
1 327.124 431.223 120.801 124.313 -47.5151
1 107.757 478.616 93.3141 103.654 65.8483
1 411.633 255.096 144.09 151.396 -49.7461
1 425.445 325.939 160.219 165.467 39.2462
1 508.084 485.935 105.43 114.127 -61.4933
1 524.043 231.002 120.348 174.879 -82.3489
1 398.275 444.405 103.092 110.669 -57.8425
1 539.883 205.15 92.4555 101.949 89.1268
1 305.972 296.316 84.9151 167.702 84.3311
1 105.661 126.609 88.2929 94.0231 29.132
1 366.899 340.938 94.7559 96.6568 82.5401
1 484.723 510.307 80.6637 114.23 0.778164
