3.80645
1 322.613 239.574 147.385 170.456 -13.4144
1 249.985 522.388 90.3454 111.955 -88.9885
1 96.0514 123.028 88.5028 199.765 57.8093
1 187.302 457.931 133.114 187.572 -66.4778
1 190.258 96.8735 126.205 144.724 -69.8376
1 290.059 426.844 106.509 107.986 -82.2082
1 311.17 400.698 173.453 177.576 51.9525
1 318.036 466.786 102.752 176.791 43.4705
1 286.959 248.968 94.0434 100.617 -72.3068
1 164.08 325.153 123.566 197.418 -36.595
1 183.215 152.759 158.394 171.53 21.562
1 190.054 316.321 137.574 179.862 76.9505
1 174.511 94.8272 93.8954 104.27 -65.7887
1 265.102 213.096 105.985 112.448 -85.7262
1 113.551 155.766 81.0658 130.713 -89.3341
1 175.954 102.751 99.4798 122.229 -85.6981
