5.21855
1 465.239 259.006 131.961 180.643 46.942
1 173.593 298.197 184.666 194.402 68.4541
1 100.309 135.799 118.995 122.63 -49.1091
1 138.219 111.401 104.399 174.858 10.327
1 207.96 277.673 98.9676 118.643 -2.37718
1 464.878 150.101 115.791 170.537 -30.4051
1 330.113 352.287 83.1974 186.053 38.2884
1 463.346 511.462 120.462 187.493 -1.84951
1 223.363 228.935 146.076 158.341 -35.4178
1 292.432 454.785 120.173 163.766 44.7118
1 340.154 148.852 109.125 174.478 67.9763
1 270.307 490.633 139.022 159.485 -78.0285
1 426.826 518.419 91.6447 107.122 51.3412
1 430.821 471.683 174.391 195.672 73.4941
1 398.617 159.116 81.6762 124.09 17.2811
1 110.061 177.438 104.306 126.231 66.3117
1 297.357 477.944 90.5215 114.03 63.2754
1 176.392 112.814 69.6308 78.5851 -51.373
1 282.434 501.329 87.3249 160.677 68.1218
1 405.061 499.686 122.507 146.513 65.4338
