3.61688
1 301.835 97.426 148.224 148.378 87.2478
1 314.83 248.447 86.515 160.26 82.2956
1 111.256 340.757 139.781 171.837 -10.8658
1 211.42 193.042 127.916 188.763 7.77036
1 511.63 115.011 100.36 168.401 -66.9425
1 120.885 375.465 146.584 171.328 -47.9716
1 486.7 87.0929 137.382 165.717 -9.29373
1 91.6832 446.376 105.066 168.785 70.3788
1 246.273 131.642 97.7353 183.811 -2.19271
1 489.42 84.8413 108.507 157.222 -48.3325
1 508.638 90.0491 109.488 161.378 -41.6462
1 512.46 58.4232 75.5218 84.3379 -5.80852
1 71.0013 418.057 85.6376 91.3981 -67.557
