4.17049
1 439.038 335.671 171.664 184.148 -35.1042
1 217.783 289.499 170.071 176.491 35.9868
1 273.259 514.331 141.395 177.685 -0.187527
1 392.121 335.645 134.862 166.503 34.7808
1 338.857 491.124 128.623 158.082 68.1616
1 231.473 333.367 164.34 164.945 -87.1447
1 200.268 342.361 100.616 114.935 -71.7626
1 88.3175 366.759 92.3718 116.58 1.54629
1 359.362 506.959 90.6502 129.134 -77.1192
1 96.803 477.835 82.4539 134.855 68.2637
1 91.4034 454.871 82.5318 99.6291 -21.7599
1 357.431 334.644 100.23 160.03 -75.9113
1 68.6898 446.262 83.876 92.4616 -65.7906
1 294.211 541.171 88.8299 99.9225 82.9117
1 171.895 384.154 96.8013 97.9707 71.9439
