8.95104
1 114.824 151.681 174.43 183.404 87.4101
1 319.619 347.373 148.179 166.051 76.405
1 498.497 111.808 123.747 197.309 74.432
1 422.394 80.1722 133.887 151.328 -42.5687
1 236.767 117.273 131.654 143.884 -43.8589
1 117.819 118.633 94.2224 141.594 -47.3785
1 511.615 51.2099 96.9396 124.706 -1.96268
1 434.572 71.1487 114.833 138.354 6.94777
1 471.86 69.8114 110.764 130.574 -15.966
1 111.439 459.299 130.356 147.894 33.915
1 109.34 475.28 66.5966 96.0665 -48.7798
1 195.42 246.098 127.252 180.119 22.8783
1 183.828 144.952 119.619 187.731 16.1256
1 69.1489 466.163 92.0881 102.58 29.2301
1 438.407 90.3669 151.18 176.835 9.59141
1 140.307 120.741 98.9933 105.341 50.9173
1 336.523 255.532 99.2683 177.573 -67.7684
1 134.683 493.876 112.664 120.548 -49.4766
1 179.322 140.883 101.594 181.406 16.0366
1 203.874 138.047 93.5891 134.078 24.1059
1 467.827 66.5353 52.0161 85.0558 85.887
1 493.533 54.6107 82.2997 90.4571 41.3154
1 210.071 334.205 163.428 184.859 -29.0714
1 310.495 207.278 121.155 199.515 -23.7524
1 457.94 72.0815 97.5833 106.352 -74.8103
