3.7657
1 395.354 498.573 154.296 193.491 7.12208
1 365.823 191.48 180.15 192.211 73.3123
1 475.998 279.992 110.288 176.227 26.8968
1 275.72 462.976 148.206 159.819 42.6708
1 417.774 127.278 151.351 168.874 -32.0847
1 531.121 347.735 80.1269 111.052 58.596
1 335.348 485.618 91.3043 126.5 -22.116
1 257.749 530.515 86.2163 109.293 12.5114
1 450.899 150.948 83.3834 123.8 -11.4117
1 505.74 340.378 95.2086 135.188 15.4819
1 519.254 328.896 64.7372 70.3068 -42.513
1 392.451 146.641 108.025 161.399 24.1581
1 517.2 299.909 80.3554 126.134 -89.4431
