6.05742
1 253.552 490.611 151.197 195.043 -7.51873
1 503.67 495.805 82.2705 176.279 -75.445
1 178.685 98.8179 98.2376 159.394 41.6975
1 485.209 81.2841 138.78 194.057 2.47094
1 519.335 107.665 102.936 194.783 83.7389
1 256.342 511.816 97.2775 133.714 18.4104
1 530.499 421.357 90.1471 110.763 -69.4141
1 449.014 383.9 114.671 127.735 57.5847
1 151.09 72.4996 82.5306 104.76 -66.1987
1 291.78 485.821 116.553 126.988 78.537
1 323.764 478.178 88.8665 184.75 75.4195
1 107.606 101.552 105.663 180.914 11.698
1 531.719 70.0108 80.7727 100.685 17.5535
1 77.8572 64.6391 83.1317 84.4763 41.228
1 516.82 74.4194 97.5047 120.741 75.8112
1 102.251 107.377 97.0382 134.287 61.065
1 338.666 494.525 122.23 152.134 44.2631
1 504.86 90.8775 94.5875 178.103 -36.814
1 81.5331 72.1283 68.507 78.5661 -24.1955
