6.87727
1 199.427 122.869 189.147 203.787 36.2642
1 349.336 430.515 138.125 178.526 -50.4754
1 320.019 94.5013 130.375 176.71 86.3841
1 465.174 440.119 93.2648 166.363 -72.4675
1 130.234 293.319 134.764 196.012 -26.5683
1 124.133 347.667 108.066 198.362 33.1798
1 73.3644 271.054 82.1084 162.328 -84.8662
1 239.398 137.158 166.052 170.18 48.743
1 243.057 124.422 83.113 145.026 89.7874
1 371.25 475.927 85.8919 147.619 -82.9006
1 410.825 527.424 80.1539 141.624 -89.56
1 406.083 413.133 88.9948 100.944 -15.5471
1 396.234 502.068 85.7974 120.507 -11.9805
1 105.662 327.118 115.809 136.351 -18.9649
1 78.9314 338.043 79.8534 95.2016 77.9934
1 78.0866 298.06 96.2964 97.7186 86.4432
