5.14852
1 309.058 326.813 131.759 142.676 7.96847
1 355.958 110.45 145.507 155.649 73.0339
1 278.371 365.552 100.848 193.997 -60.4176
1 275.198 399.804 91.7445 148.98 82.9197
1 383.548 129.134 143.542 189.559 56.941
1 450.078 426.817 104.562 187.264 -61.5719
1 444.647 107.31 126.071 160.379 23.6953
1 502.92 470.928 132.906 165.852 12.9271
1 405.276 534.619 80.158 94.5862 -83.0237
1 388.158 108.071 87.2247 120.956 -77.686
1 500.4 470.593 85.0914 146.004 -24.3223
1 414.994 102.632 107.276 163.223 -58.4894
1 311.791 448.781 106.658 148.144 34.9622
1 429.846 83.3221 68.9764 93.9891 59.3103
1 350.067 446.587 95.5256 138.666 29.1801
1 292.495 437.391 82.267 117.614 -24.0566
