7.15679
1 151.308 139.05 186.269 197.113 -71.3042
1 363.964 146.115 89.7202 158.042 -64.5029
1 270.623 130.36 85.1665 191.82 -75.5966
1 203.088 265.137 97.1929 143.675 -80.696
1 477.36 429.714 181.163 183.285 -28.3644
1 324.314 524.21 91.5 171.551 21.1535
1 271.095 440.145 109.266 186.925 44.1407
1 78.41 471.4 90.4472 196.827 -80.8105
1 123.961 525.018 86.1835 175.434 -13.5989
1 358.82 273.179 159.51 173.172 -17.0885
1 520.166 453.064 102.307 139.529 -72.6813
1 82.8367 496.905 134.643 154.912 -2.41027
1 96.5845 520.953 117.841 125.037 -5.44686
1 383.057 235.359 130.252 180.558 -25.6042
1 314.972 415.412 151.949 161.168 -44.7922
1 487.398 408.144 113.854 170.733 22.6963
1 512.976 260.508 129.634 157.618 62.9922
1 329.37 272.808 133.323 144.182 -52.467
1 253.422 231.564 89.6364 104.252 -19.7165
1 300.437 507.472 80.2545 144.13 -64.7085
1 509.413 304.823 115.418 125.856 19.5122
1 527.406 309.559 81.7509 193.697 -71.1263
1 521.561 433.106 83.4257 91.655 34.5862
1 508.666 274.493 103.32 145.106 43.4509
