6.02693
1 477.185 260.138 117.115 188.333 32.9945
1 277.181 78.3695 99.0204 197.969 2.79153
1 107.186 452.325 155.551 186.225 -83.6975
1 90.9239 485.422 85.6236 152.781 -29.2319
1 185.066 118.921 129.779 172.634 -21.2729
1 465.733 158.445 119.769 171.097 52.5267
1 503.011 164.157 94.1897 158.715 35.6498
1 157.959 530.953 88.3006 172.185 0.617619
1 188.043 114.694 80.6732 146.301 70.7361
1 459.233 193.156 141.995 158.811 -31.7228
1 503.729 269.626 98.7378 102.366 -84.4323
1 481.561 249.985 103.042 121.841 61.7129
1 149.743 490.458 112.282 193.119 -16.4139
1 246.238 108.161 117.344 182.924 17.0717
1 218.824 124.592 98.861 157.372 67.9534
1 113.855 537.556 81.9694 97.0553 -86.5503
1 221.312 103.239 94.2686 108.917 52.5423
1 113.092 499.443 94.6898 118.16 -9.54323
1 230.905 95.1587 114.62 118.607 58.316
