5.29341
1 104.153 94.3989 118.41 167.809 23.2834
1 198.75 485.285 154.604 184.877 -83.7407
1 115.374 105.881 185.306 186.221 -88.5565
1 510.562 432.709 154.241 168.224 87.9491
1 478.515 142.981 126.175 189.255 25.6517
1 487.956 467.754 174.824 201.653 -1.5413
1 322.396 243.217 113.311 149.577 18.0953
1 333.541 490.773 132.857 146.049 -68.2769
1 347.789 393.519 100.463 119.39 -11.0598
1 214.163 221.466 110.347 192.505 28.1168
1 69.0797 103.219 92.3392 94.4278 2.01138
1 540.631 476.211 89.8695 124.365 -81.9086
1 359.827 370.917 111.852 147.188 -73.9009
1 302.459 225.627 107.659 130.502 -44.4929
1 501.677 96.452 82.0917 101.936 -9.06413
1 151.556 524.724 67.6489 98.7114 75.9043
1 517.248 174.296 83.8908 118.287 -43.02
