11.4574
1 176.75 500.124 111.192 174.223 -26.9807
1 451.504 114.173 124.708 157.68 -70.8449
1 132.92 473.021 138.06 182.862 -52.0167
1 218.609 109.202 137.057 148.632 -79.6857
1 75.1329 214.99 109.8 165.583 74.9631
1 96.2753 305.797 119.489 145.654 40.2708
1 503.397 217.426 105.798 158.132 81.1701
1 528.676 184.519 96.4049 100.693 -22.9332
1 308.691 134.956 132.843 176.487 60.0221
1 451.447 142.771 110.401 115.03 32.2875
1 87.5501 521.553 86.7435 146.817 -30.8519
1 302.351 134.551 107.319 122.907 -27.4361
1 468.554 161.65 86.6183 90.461 -57.866
1 309.025 195.679 94.5233 140.761 -9.36236
1 86.1038 264.852 49.2769 90.9379 2.36959
1 482.233 190.336 99.8617 111.997 -73.0698
1 145.331 509.53 89.836 111.75 -45.243
1 104.931 492.655 99.8201 129.621 88.9996
1 94.3044 518.644 88.4693 170.403 -29.7701
1 204.112 197.623 109.855 113.08 15.064
1 85.2898 520.856 86.5484 111.031 -81.1243
1 117.337 256.932 149.012 177.895 48.045
1 94.7403 267.39 104.907 143.286 -48.0291
1 93.5882 274.734 91.0458 190.661 54.2422
