9.38391
1 466.642 197.152 157.477 185.091 -28.6924
1 194.437 134.312 114.677 182.971 -9.80319
1 102.326 300.158 114.82 165.073 6.73373
1 86.6498 428.941 124.659 164.374 73.4374
1 293.375 426.82 106.296 164.352 66.3799
1 91.3215 307.399 84.9373 99.02 -81.4014
1 459.85 153.337 104.708 227.687 59.7526
1 434.878 428.972 171.348 197.047 30.932
1 324.233 317.601 80.8955 179.753 -22.6547
1 114.55 421.799 130.678 179.251 69.7816
1 214.181 146.531 111.278 116.154 -42.0151
1 459.244 143.279 84.6907 175.476 61.3677
1 325.614 117.835 136.949 145.388 -72.4197
1 489.501 522.875 91.3791 127.728 8.53676
1 269.939 399.186 103.211 105.312 -25.9159
1 116.714 349.811 102.463 104.928 -55.7214
1 488.214 438.94 89.5935 135.817 12.1018
1 329.3 194.897 130.847 151.796 -14.2592
1 319.385 143.059 102.928 164.94 52.928
1 106.927 366.89 84.6526 100.321 -28.141
1 233.384 354.56 144.095 172.049 59.1036
1 301.003 131.872 85.1566 92.0776 42.9454
1 285.258 290.773 131.668 157.223 87.0158
1 434.149 119.975 109.697 122.038 -62.2221
1 462.452 479.957 105.412 179.955 75.6572
1 449.586 98.4241 86.9849 101.925 -44.2681
1 476.168 435.34 126.238 140.006 -43.7961
1 443.927 142.4 133.522 167.726 79.0227
