7.21112
1 122.224 414.131 191.092 193.29 2.15755
1 343.679 534.86 115.454 179.873 -0.949924
1 142.011 431.569 145.132 146.439 -25.2986
1 464.662 191.181 81.8086 131.874 64.4417
1 315.889 369.701 166.41 198.986 89.1004
1 474.515 161.91 154.916 170.676 89.4489
1 496.024 469.224 126.453 137.94 -26.7531
1 108.442 525.59 87.4082 115.298 -42.7807
1 308.379 88.5126 112.76 130.119 56.1193
1 160.857 449.668 94.1181 103.873 -83.8228
1 290.838 530.348 89.7213 138.228 -22.8428
1 259.808 520.333 120.518 133.212 -29.4526
1 465.949 296.356 96.4197 194.174 88.1169
1 495.448 444.73 110.874 111.662 -87.8815
1 399.532 64.7286 89.4648 101.492 26.43
1 521.287 372.996 105.876 111.526 55.9129
1 382.97 378.559 106.158 167.792 56.7702
1 442.975 240.965 121.077 154.27 -76.2567
1 487.983 405.138 108.14 158.473 -33.8274
1 301.343 99.4115 85.9531 140.235 -41.8687
1 355.569 377.701 135.016 187.972 -14.6636
1 367.073 128.234 88.2343 159.838 75.1929
1 257.645 491.036 142.925 189.428 87.9861
1 511.436 385.868 73.5535 99.482 40.3609
1 412.291 464.795 86.4761 92.3211 -18.3546
