12.2775
1 473.766 222.392 86.3057 169.756 -89.7635
1 372.232 525.242 102.854 163.803 -0.40631
1 464.375 107.345 154.821 161.397 6.69561
1 115.934 137.066 109.774 148.496 32.8899
1 122.032 478.098 166.732 175.085 55.7183
1 413.946 110.938 121.573 144.781 71.8584
1 169.496 469.294 174.165 196.353 -82.4017
1 461.959 129.545 96.2975 174.338 65.4854
1 478.773 511.468 86.9532 132.098 38.3819
1 148.15 244.039 119.029 134.853 -58.6738
1 361.79 133.802 166.611 169.878 -5.01895
1 148.023 137.305 124.593 136.397 -67.1693
1 308.483 400.154 172.287 188.996 3.31996
1 82.8045 332.249 93.5596 130.044 -36.4369
1 201.398 170.155 179.626 184.137 54.064
1 153.928 522.696 75.2522 81.153 -19.0009
1 122.61 504.76 91.6475 162.654 34.4045
1 91.6938 317.05 106.424 142.35 51.3854
1 466.846 437.009 128.235 137.174 76.3011
1 158.562 210.427 85.7879 118.74 -28.8736
1 82.0589 337.98 79.9216 89.9569 88.4586
1 316.456 357.355 86.3326 90.1925 -27.3208
1 174.412 478.238 105.068 186.894 -59.4288
1 479.916 494.181 90.7857 128.249 -15.1942
1 368.804 261.676 100.491 163.556 -72.4788
1 315.954 258.131 94.5717 116.504 -74.1149
1 131.354 509.131 93.3871 130.102 -58.9263
1 447.144 445.075 83.9784 130.389 3.16539
1 441.212 130.632 85.7815 100.119 77.2542
1 89.5001 341.218 72.6158 108.7 -28.4225
