7.14985
1 389.359 485.535 143.442 153.386 49.1208
1 440.931 195.106 179.217 192.376 -75.214
1 172.389 464.208 186.086 189.98 2.81903
1 145.459 121.193 145.433 207.195 -27.7806
1 335.279 121.333 121.226 162.351 -46.3781
1 386.613 475.901 91.7738 128.463 36.3901
1 188.066 263.689 100.994 199.105 43.5497
1 75.3517 192.511 81.9485 129.627 48.6623
1 303.051 130.525 120.118 158.009 78.1826
1 389.084 125.442 137.302 153.057 4.61896
1 194.179 200.971 120.708 192.102 51.7573
1 121.023 326.223 85.8784 164.681 20.7202
1 336.093 372.667 130.038 186.099 -75.0936
1 354.153 433.476 85.5111 100.178 51.9359
1 186.541 430.088 95.7443 138.553 50.1427
1 313.986 369.746 89.1135 192.223 85.8623
1 113.67 359.307 128.196 147.001 -14.2031
1 135.886 440.338 109.158 167.707 -52.5302
1 225.143 360.011 85.5226 90.988 -86.5086
1 141.2 142.382 101.93 129.054 36.6609
1 337.333 243.258 114.503 124.755 -49.8881
1 277.881 469.184 87.5196 93.9802 9.29325
1 99.2681 136.796 92.8191 106.687 68.7569
1 410.71 150.842 109.968 183.015 -72.7469
