4.21728
1 289.313 186.297 180.581 187.932 -16.941
1 445.463 380.881 127.323 189.206 45.8938
1 261.862 175.035 80.9908 137.48 -18.4491
1 520.059 202.246 122.452 129.542 -6.72808
1 367.264 287.227 104.938 122.248 -14.2924
1 199.082 266.317 97.0826 172.779 -79.817
1 514.271 229.655 122.796 137.899 76.6524
1 438.142 346.271 93.0177 99.3776 24.2003
1 248.487 266.283 107.215 194.041 55.5175
1 212.065 242.156 118.218 149.533 -29.7005
1 521.318 262.573 91.3053 125.484 -33.8021
1 361.392 333.877 111.681 160.9 2.4505
1 526.764 273.373 87.4968 173.987 -71.718
1 387.674 327.886 95.902 113.754 38.972
1 529.771 217.679 83.4093 89.7746 -29.5162
