11.4224
1 237.434 236.401 140.024 163.672 8.62303
1 75.764 495.725 135.833 152.541 88.6465
1 424.146 114.08 160.427 195.599 -13.1566
1 134.495 204.64 141.465 190.205 45.9012
1 195.835 112.522 98.975 145.803 -54.6945
1 475.409 518.189 151.62 156.414 86.1741
1 177.045 418.312 167.326 177.708 -16.4685
1 335.377 423.17 143.802 196.641 -37.6389
1 363.608 458.199 170.724 199.017 56.0902
1 491.113 502.586 108.477 112.07 -55.831
1 538.306 124.281 82.9725 91.3924 5.74229
1 456.299 139.634 161.922 162.859 -75.8719
1 112.778 450.997 111.726 117.384 -40.5227
1 339.583 522.674 90.6016 104.655 5.66378
1 154.059 211.916 119.005 122.848 29.9034
1 216.52 469.301 112.458 181.339 6.94918
1 341.937 541.832 93.1267 194.676 -2.05712
1 161.218 450.449 99.1819 110.076 -2.21396
1 506.128 442.891 108.907 158.815 -76.8147
1 349.988 487.77 121.079 121.757 -48.3785
1 358.691 534.245 118.097 156.635 -0.87255
1 135.481 427.515 134.207 140.906 84.0367
1 133.907 174.688 126.505 137.573 46.1982
1 149.829 449.611 84.9126 116.477 -38.7879
1 460.294 98.1597 89.5991 154.739 -47.8891
1 487.683 461.048 123.076 147.83 -48.3499
1 496.885 139.601 93.4461 124.904 -37.8918
1 480.101 431.423 172.452 176.74 86.975
1 481.906 126.303 54.4257 104.238 -40.3443
1 469.578 84.3062 83.4002 118.467 -41.8594
1 135.527 161.935 106.423 130.329 11.3598
