5.97803
1 453.232 451.428 158.864 167.78 81.283
1 491.015 523.537 119.585 172.975 -6.95438
1 268.712 354.537 115.831 186.787 -16.8706
1 480.835 267.895 160.193 190.745 63.1029
1 120.285 438.194 127.481 194.04 -40.1973
1 250.801 67.5684 102.883 173.076 1.53558
1 149.837 411.941 102.702 156.088 -63.868
1 211.155 487.852 117.617 158.355 -83.7277
1 469.096 463.381 108.803 126.054 -63.0392
1 126.3 115.326 108.505 191.363 -62.425
1 472.73 240.647 131.647 140.865 29.8124
1 280.555 391.867 152.612 190.764 61.7607
1 478.919 173.484 110.04 161.701 60.1071
1 128.529 68.8055 82.2752 135.483 -10.8562
1 228.05 87.3172 93.4696 141.341 44.3564
1 199.386 99.7614 131.293 133.946 28.835
1 463.21 248.648 82.8208 158.953 -18.8524
1 485.426 469.805 80.9634 91.3439 53.7788
1 507.149 180.605 98.7829 115.898 -18.3726
1 196.27 460.576 105.253 108.05 -2.42193
1 488.772 202.735 100.399 156.873 -50.1496
1 509.165 505.506 83.9102 85.188 -60.0861
1 480.832 502.602 88.4439 131.729 -9.28654
