4.47658
1 158.603 476.9 113.836 182.838 58.2756
1 344.431 403.011 103.973 153.993 -78.2243
1 473.065 195.892 123.042 154.014 50.8277
1 215.064 236.244 102.867 163.47 81.2508
1 527.053 514.659 97.7292 102.494 71.7037
1 117.095 375.715 125.354 130.965 88.0965
1 186.204 78.7213 94.1041 105.408 -27.3296
1 441.178 114.404 135.236 176.37 62.7733
1 515.805 413.031 83.7826 110.61 -73.4145
1 192.948 373.912 80.722 116.193 23.8913
1 422.363 461.004 140.813 143.774 68.4566
1 231.137 102.953 111.855 176.094 -29.6204
1 457.208 133.252 110.722 122.563 -41.0225
1 214.023 86.1865 80.2619 87.5937 83.4071
1 403.913 434.106 129.141 133.861 79.8026
1 274.375 200.199 89.0727 129.457 -82.3512
1 491.982 517.247 102.333 116.317 -0.715399
1 322.583 170.734 137.759 176.27 -19.5933
