7.57275
1 452.835 307.113 153.579 173.159 33.8695
1 306.131 388.748 145.7 151.321 -38.9451
1 269.771 122.279 158.324 161.021 -24.687
1 62.4778 370.43 82.352 129.638 76.2452
1 337.124 522.609 89.7964 134.553 -84.6249
1 506.79 444.703 131.353 152.506 -3.53779
1 153.087 131.477 105.048 168.052 -44.032
1 226.444 158.87 151.272 182.935 66.0775
1 493.908 322.926 91.2758 168.146 78.8521
1 258.75 483.239 142.369 153.714 -75.6278
1 215.938 134.812 96.2006 143.898 59.5238
1 148.642 447.114 91.0889 185.021 80.1433
1 160.946 96.3926 111.43 113.213 84.7017
1 173.834 379.888 92.2381 162.088 16.2516
1 518.802 363.717 102.541 148.887 62.2557
1 267.769 449.075 120.798 146.513 -83.5796
1 513.49 414.834 67.9457 90.6933 32.4395
1 378.929 502.929 71.2149 115.598 41.7668
1 507.501 427.224 95.5827 107.491 46.6607
1 188.983 119.334 105.333 116.148 -0.331467
1 127.24 441.911 104.124 161.245 -52.2615
1 161.284 411.328 93.6559 124.926 -0.439662
1 99.9851 438.648 86.452 97.8632 -89.8918
1 519.241 399.471 93.753 101.747 74.5493
