12.5966
1 486.915 461.666 172.233 182.237 -87.8721
1 304.852 423.447 161.336 193.329 34.3674
1 87.2968 521.302 111.018 116.612 -4.41607
1 166.109 452.427 172.936 194.464 55.2445
1 283.949 382.286 135.248 157.173 -89.6958
1 179.487 93.6783 138.509 142.119 -20.4818
1 317.113 192.073 177.72 192.048 66.3898
1 406.219 97.3501 125.127 165.362 -49.9958
1 546.585 322.519 80.926 171.739 -87.1026
1 383.047 221.118 112.372 180.845 -17.1185
1 142.895 448.738 119.213 146.893 19.2315
1 158.167 481.886 107.353 193.37 -17.2061
1 374.005 109.272 79.2891 120.838 82.4516
1 248.03 123.063 89.253 105.28 -25.1981
1 70.4593 419.933 93.4765 94.9916 73.8971
1 240.637 296.148 158.833 172.966 26.8335
1 289.717 324.705 134.341 183.305 -52.5828
1 447.299 157.965 82.1252 170.521 -60.2246
1 154.425 120.741 87.5724 130.254 26.0507
1 491.503 376.813 133.489 143.486 68.2411
1 58.8039 267.038 80.8065 117.326 -72.932
1 64.1309 233.42 103.258 125.176 0.394321
1 509.591 431.665 98.747 119.631 -83.3939
1 126.857 403.979 152.136 156.196 89.2526
1 270.779 379.856 103.102 114.75 -39.4723
1 61.8766 312.396 101.089 169.997 84.258
1 201.271 95.2193 81.9626 134.87 -76.9424
1 472.937 216.427 85.8193 192.184 47.265
1 513.762 366.964 80.6373 156.317 6.56863
1 483.565 411.626 106.666 171.784 26.5162
1 117.53 232.134 38.3533 81.9605 28.3802
1 132.398 302.955 35.6259 57.4995 -65.7428
