4.8705
1 458.654 294.853 132.93 160.297 11.2635
1 319.022 142.213 104.066 176.798 82.7177
1 281.214 280.878 174.633 176.488 63.2704
1 241.412 454.987 121.396 139.6 -14.1611
1 283.258 218.586 107.393 178.349 52.0443
1 287.961 456.252 161.628 175.792 55.9409
1 448.327 385.268 175.848 197.062 -36.6615
1 488.557 396.092 84.1767 164.031 -47.321
1 170.699 419.105 105.529 123.226 40.9714
1 455.364 349.695 122.527 159.645 -34.1382
1 65.3194 272.767 88.8462 92.4069 14.1856
1 119.114 304.718 75.7668 93.7928 -15.3197
1 440.854 361.272 129.54 196.941 -36.5978
1 151.107 288.301 161.457 176.084 27.8046
1 178.469 432.249 114.649 151.718 47.5316
1 114.685 267.814 116.287 149.63 84.8728
1 319.534 184.153 93.0153 114.748 -16.5133
1 165.55 401.528 113.372 157.109 64.5991
