3.4255
1 99.8297 99.0003 172.466 174.875 -85.7884
1 517.159 413.103 82.5615 177.055 -61.4138
1 361.962 174.617 153.17 178.057 45.1392
1 286.864 170.616 193.714 198.722 53.7217
1 393.65 446.301 144.036 146.684 21.0311
1 86.4195 83.5047 87.6579 133.801 47.9125
1 294.703 121.639 112.601 179.046 43.2818
1 425.656 399.496 82.9493 105.016 55.967
1 68.2563 72.7042 87.135 90.4821 83.2766
1 109.004 103.437 100.894 194.307 42.3348
1 459.089 385.578 91.116 108.196 20.2342
1 293.176 96.8204 91.4568 114.217 -49.3212
