4.984
1 206.95 138.23 173.987 192.796 -17.9544
1 162.849 437.626 120.406 193.379 -3.96068
1 319.35 401.481 114.135 175.694 -20.454
1 499.658 504.869 140.849 159.233 17.3993
1 318.854 178.246 88.1792 101.752 57.0545
1 176.673 296.358 189.438 190.272 58.8439
1 452.708 286.497 94.9961 167.154 77.5619
1 361.248 102.464 80.566 137.015 -39.172
1 251.044 498.032 86.915 90.4289 -79.9813
1 371.597 194.708 187.531 190.67 -79.6636
1 469.066 128.948 95.8633 161.618 -81.6888
1 529.268 499.487 102.847 135.799 83.6254
1 279.554 379.903 81.6619 170.638 -85.562
1 216.79 308.068 117.288 189.642 -28.3212
1 498.798 162.481 117.001 163.696 3.93007
1 250.517 289.52 88.9598 133.419 -87.6038
1 186.037 336.174 124.008 137.328 63.5249
1 534.228 509.084 79.9661 90.7406 -11.2845
1 498.393 228.702 114.763 154.613 -57.9598
1 524.994 540.528 89.5082 95.9468 -78.5613
