7.68112
1 411.557 115.998 155.725 195.698 -0.676945
1 453.865 187.077 140.673 172.918 -78.1824
1 469.229 488.557 129.3 153.622 49.7292
1 164.903 346.119 145.702 182.791 54.5918
1 219.433 232.905 166.957 187.923 46.0388
1 491.098 449.403 115.523 165.702 74.8459
1 488.489 521.956 97.0409 117.169 38.7893
1 169.719 79.4674 94.4332 194.131 -5.70734
1 274.339 480.094 109.621 145.932 89.477
1 272.578 498.023 88.2489 103.729 -7.06433
1 103.999 148.671 118.439 121.336 2.13526
1 506.668 80.5495 91.7251 96.6407 -38.4206
1 168.373 491.308 107.435 162.672 6.72581
1 154.856 106.087 128.828 171.424 -13.6138
1 494.556 498.078 89.7692 100.468 -53.6589
1 219.425 396.97 146.032 181.343 -15.8611
1 118.329 129.642 72.7486 103.844 33.2151
1 187.348 503.055 90.6973 110.705 59.0306
1 464.024 121.747 81.8949 105.644 57.5165
