3.68601
1 318.572 116.541 85.1323 174.461 39.6441
1 385.008 229.484 127.235 148.045 -4.49112
1 183.233 344.2 139.448 147.618 -25.471
1 528.921 104.386 84.53 106.446 38.1965
1 80.5004 228.25 83.9318 85.3462 -7.96346
1 202.767 232.08 128.999 187.02 19.8185
1 108.307 86.2667 88.3846 121.138 -21.5254
1 469.765 166.689 90.2416 191.951 20.92
1 104.445 119.986 102.424 137.571 -4.69287
1 164.454 195.456 81.9843 190.447 -78.0705
1 84.1627 116.408 83.7746 85.3591 55.8352
1 439.051 79.1687 80.9339 123.719 7.29645
1 177.016 316.956 84.583 121.385 2.14578
1 426.327 96.3733 85.5646 134.95 -14.0648
1 141.464 306.337 93.3944 108.204 37.6834
1 153.015 321.45 64.4778 84.8241 -28.0337
