4.47175
1 367.049 111.018 190.602 198.875 9.58675
1 137.144 182.855 165.3 199.321 6.80736
1 68.6174 512.818 112.922 116.647 8.43558
1 376.532 305.191 126.15 127.128 -76.589
1 95.7871 321.968 134.14 161.25 13.7134
1 416.898 51.8999 82.5457 155.549 -5.44534
1 177.018 453.409 126.047 157.191 25.8466
1 251.588 280.827 98.4928 157.437 -5.19963
1 392.864 96.5779 82.2448 159.181 78.2332
1 182.627 450.392 81.6507 144.925 -34.0263
1 240.771 346.933 157.91 194.542 30.7818
1 242.796 298.695 142.005 177.642 88.3704
1 153.099 418.678 133.996 156.431 -53.0593
1 171.558 223.654 98.106 194.614 -37.3817
1 148.94 243.671 118.83 124.301 60.2641
