7.52657
1 296.377 463.495 116.701 156.637 -82.4783
1 150.858 469.866 165.045 185.912 29.2177
1 485.867 283.345 141.182 180.137 -4.36353
1 150.583 155.246 174.823 182.981 -67.7711
1 170.969 493.406 88.7193 165.269 25.4552
1 515.054 256.303 136.75 179.407 -82.8067
1 531.491 289.488 94.3543 97.1734 40.4856
1 301.555 135.957 81.2907 182.408 89.528
1 277.669 526.24 83.4084 122.442 1.6636
1 117.996 138.362 148.234 157.192 36.5776
1 97.1864 109.287 95.581 153.695 -89.7444
1 422.333 141.394 121.362 194.886 31.3411
1 203.837 456.266 100.222 121.061 -21.9213
1 184.542 437.837 119.382 166.496 66.8751
1 381.286 117.369 89.3727 124.179 85.6475
1 343.94 192.332 95.6481 99.3833 54.7703
1 106.149 126.263 101.886 173.47 -26.714
1 542.356 313.843 88.1912 92.6076 3.30162
1 170.193 111.443 108.678 169.438 -59.2106
1 395.224 145.908 88.5682 161.295 52.899
1 121.494 114.415 94.3503 105.844 -40.6627
1 270.866 156.008 144.51 147.031 66.4295
1 527.024 304.93 99.4219 165.718 -81.8761
1 507.96 269.851 90.1891 144.261 12.904
