7.37865
1 519.187 251.909 148.957 179.478 -86.7439
1 144.279 165.256 134.66 161.874 57.3284
1 363.258 467.287 169.507 172.521 44.741
1 472.89 305.2 177.877 191.992 38.1411
1 120.629 451.454 141.267 166.9 42.8697
1 63.0438 469.973 92.3555 128.595 -85.9607
1 343.82 513.715 115.666 149.526 -88.1388
1 489.134 373.653 82.6601 160.317 -34.8306
1 80.9542 364.162 95.4639 185.175 70.4209
1 150.13 288.294 96.9243 155.863 19.6396
1 212.6 188.677 143.194 166.24 59.8176
1 238.761 274.592 101.904 184.625 41.5269
1 375.397 482.937 117.15 159.859 22.9164
1 109.45 439.136 79.9247 136.14 18.0812
1 541.542 376.952 101.318 103.027 3.88415
1 426.971 498.107 105.114 123.33 -6.49848
1 490.494 382.631 157.407 190.097 -85.4214
1 358.808 500.961 98.5448 124.752 15.0962
1 231.13 241.622 131.712 138.372 51.7479
1 404.542 474.339 123.623 197.212 46.5272
1 106.745 398.146 88.7705 122.574 8.82583
1 82.4305 371.672 91.4106 113.119 -3.5802
1 511.327 341.754 74.2099 90.5051 -47.734
