8.98666
1 165.508 103.775 128.456 165.059 -69.6029
1 162.91 212.01 171.155 190.502 -54.7676
1 120.253 543.953 104.25 165.068 -1.28044
1 454.018 368.165 138.852 180.106 -36.8643
1 87.3517 355.149 86.9226 153.308 -11.1027
1 469.252 73.635 82.5828 91.8006 10.0673
1 428.249 208.956 117.796 160.1 82.352
1 108.539 97.8503 87.2072 144.917 44.3986
1 322.473 217.446 118.047 126.862 -37.3577
1 415.843 491.198 92.0755 94.9137 87.3165
1 380.339 55.6044 88.1614 124.574 6.34738
1 202.285 538.323 109.315 154.326 -6.79307
1 345.273 165.558 157.241 187.739 14.9665
1 184.379 540.035 99.937 109.252 -10.0497
1 100.487 204.577 110.219 120.709 33.6916
1 488.035 110.918 132.52 147.595 -61.8605
1 366.517 394.069 108.687 154.443 10.8771
1 80.4189 438.803 93.5228 107.277 56.9668
1 152.777 527.257 101.759 124.968 75.4766
1 114.799 402.348 127.914 139.569 27.8503
1 394.338 392.292 85.4731 115.782 51.239
1 383.487 378.445 142.402 191.659 -6.86853
1 162.083 167.209 114.745 129.877 -31.209
1 339.01 431.137 152.34 195.5 -60.6786
1 115.31 366.231 128.984 157.348 -0.769689
1 381.215 85.2912 91.9292 93.6833 -64.4629
1 138.921 549.539 90.7934 99.9523 -0.259368
1 135.45 432.272 99.7028 192.434 25.6324
1 393.07 179.63 112.118 131.483 -65.0508
1 438.046 251.353 121.417 176.563 -68.0812
1 475.254 132.585 102.106 146.301 70.1926
