3.91542
1 127.353 278.488 186.258 195.916 71.0571
1 497.457 464.885 135.092 183.362 -73.4625
1 472.473 116.199 146.643 147.307 -34.6984
1 501.202 258.278 115.172 163.499 70.6824
1 383.543 159.164 148.75 170.631 46.8405
1 92.471 293.365 104.133 129.93 -26.4479
1 483.214 505.606 105.095 151.24 -26.9731
1 373.428 439.163 106.697 167.045 48.4535
1 365.845 488.888 103.243 156.306 -31.5199
1 390.96 312.829 116.184 179.745 37.0333
1 70.8395 255.891 81.6255 97.4029 -4.25347
1 543.079 489.492 87.527 92.6656 -5.55525
1 380.908 472.808 86.8421 188.48 87.0923
1 441.349 300.964 84.1218 88.2082 44.4761
1 362.097 257.864 96.9074 119.356 -10.4187
