3.52723
1 182.848 185.591 164.019 197.629 -9.85372
1 263.463 257.459 130.17 199.113 -64.9989
1 246.838 79.3277 122.492 153.462 0.822139
1 244.265 236.073 114.735 190.182 -85.5949
1 278.837 97.8239 104.625 124.897 -50.4456
1 305 210.614 87.8843 146.005 18.122
1 309.888 94.3358 88.2508 182.087 37.6693
1 212.318 218.038 81.2851 178.255 -49.0407
1 301.463 91.3236 87.9598 99.4115 83.868
1 253.389 210.642 106.604 117.841 76.5924
1 309.843 106.88 100.654 136.938 69.0546
1 285.646 92.0491 104.867 166.781 -11.6823
