8.93836
1 204.823 383.757 187.431 197.712 -49.024
1 395.867 517.461 138.975 143.785 0.490363
1 443.441 100.139 161.612 186.903 -4.67303
1 390.407 281.843 166.008 171.104 -70.7072
1 490.374 494.806 92.4096 160.321 36.6304
1 497.167 292.162 118.456 126.543 11.1881
1 88.1875 501.254 101.418 148.396 51.627
1 425.503 486.495 124.62 125.358 -31.3431
1 249.283 446.168 107.808 158.366 68.6589
1 476.324 65.8869 100.173 175.115 -0.931711
1 233.519 426.447 116.52 180.92 -78.9053
1 288.002 364.168 73.9114 101.207 62.6346
1 247.234 422.907 87.2295 96.5789 15.8786
1 409.604 73.8618 125.776 137.315 85.9989
1 498.119 393.689 114.668 170.891 20.1919
1 451.016 62.6566 68.9299 79.4454 68.5685
1 399.284 61.3398 83.6511 164.467 -7.06671
1 439.574 60.1131 72.9467 98.8992 -22.3212
1 391.791 314.678 118.426 172.027 70.2684
1 142.013 526.211 91.3753 177.27 1.68147
1 399.607 339.931 88.5689 122.337 24.684
1 410.11 292.656 119.188 122.966 25.3886
1 430.363 74.0192 85.8621 108.182 -85.0392
1 110.596 506.064 114.306 155.241 -31.1873
1 490.904 482.875 94.1335 177.178 -14.8952
1 103.034 525.372 67.6839 80.0375 62.8431
1 151.187 529.927 102.525 130.331 -89.3488
1 455.426 480.655 90.3814 175.131 29.5903
1 466.02 58.7976 85.8741 97.1984 -12.545
1 487.976 487.629 82.1441 120.58 -29.066
1 115.291 517.002 92.769 100.306 -86.7435
