4.08597
1 485.464 382.348 175.541 198.673 -56.8027
1 440.774 486.623 140.183 157.885 34.8391
1 477.546 395.948 135.083 148.573 48.2101
1 447.829 462.596 126.117 128.604 -73.1694
1 81.4651 197.197 85.0109 171.831 -74.7832
1 478.943 424.902 99.8344 137.604 -60.8016
1 204.116 445.512 139.899 169.694 12.838
1 120.685 267.973 134.704 160.169 52.0791
1 117.792 525.271 85.9821 87.2725 -18.3852
1 133.216 407.851 172.969 186.35 -18.1455
1 96.6118 246.076 92.3359 139.218 11.253
1 109.744 299.777 114.206 162.347 -28.7216
1 105.321 499.913 81.7719 103.664 56.2049
1 193.224 491.674 88.7199 94.4981 38.3126
1 112.931 283.55 80.5136 128.765 20.8415
