5.1615
1 362.643 432.821 159.608 165.317 73.8619
1 478.147 85.4853 105.96 189.831 -2.04892
1 468.412 104.091 184.37 196.31 88.9709
1 494.233 378.68 116.537 177.503 -86.1245
1 188.83 384.555 155.675 178.461 -76.3262
1 137.383 211.396 157.529 186.351 65.1589
1 383.354 395.397 85.1894 120.303 -14.4189
1 259.465 230.815 160.764 163.721 20.9057
1 174.456 342.845 119.326 127.882 -69.7646
1 145.358 174.37 92.444 115.839 8.0766
1 219.912 136.324 95.7828 138.007 -66.1455
1 425.74 217.179 122.726 163.412 69.6174
1 373.747 351.401 129.997 189.574 10.875
1 141.228 102.379 80.8429 86.2396 59.836
1 523.745 83.2862 83.2125 88.506 54.4556
1 485.284 236.809 142.36 156.66 -55.9917
1 414.125 187.886 82.0001 144.845 9.94603
1 240.991 355.906 101.002 121.334 -74.0896
1 455.334 212.869 91.0122 98.0295 -89.8359
1 507.215 70.9204 86.171 90.9768 80.7635
