2.87189
1 280.091 96.8554 163.37 190.417 -5.26267
1 419.335 168.397 178.603 181.883 -22.3941
1 387.461 150.716 121.818 177.292 -5.42998
1 453.952 377.125 126.241 170.621 35.0318
1 326.196 481.7 123.984 164.267 -89.1833
1 487.453 316.278 111.656 132.48 27.5825
1 389.366 517.985 86.51 103.858 -73.319
1 330.089 308.074 117.856 123.486 61.3293
1 361.135 510.509 87.5731 88.8572 -15.7914
1 307.721 231.139 81.7846 106.785 15.7558
1 403.129 371.313 133.548 145.245 -10.5873
1 396.561 281.751 90.7902 99.9955 47.6898
