3.95074
1 547.101 153.457 94.4835 134.663 88.2483
1 527.644 483.226 107.748 198.328 -80.2617
1 158.281 206.867 150.38 177.142 87.2891
1 100.594 78.4106 114.285 123.806 76.7809
1 450.162 193.591 158.465 177.232 -12.6419
1 209.184 141.027 135.301 182.945 -65.9448
1 509.255 177.549 98.3589 144.844 -29.1966
1 491.372 537.929 96.0671 118.648 11.6932
1 476.508 203.504 117.205 194.944 78.0294
1 512.506 514.452 120.297 135.712 -76.2717
1 525.09 535.37 85.0773 92.5571 -55.8956
1 542.778 542.414 83.5395 85.2526 -0.498673
1 199.961 99.5202 95.7952 122.046 -42.5725
1 452.58 156.47 101.069 126.127 -67.2259
1 105.474 152.514 102.509 107.398 37.2264
