6.76316
1 468.682 482.197 162.588 167.263 79.8147
1 288.307 432.925 185.641 191.561 8.69887
1 444.714 84.2193 98.5224 132.095 10.0933
1 75.2564 133.855 104.627 123.885 14.7651
1 144.31 512.541 102.222 114.627 0.548953
1 343.689 161.546 125.796 189.457 85.1703
1 142.532 74.4542 107.334 110.91 -75.1372
1 481.697 180.168 80.8151 138.088 24.8046
1 67.2358 465.06 96.01 122.263 -74.8157
1 495.461 515.977 91.9343 96.3147 -66.1579
1 255.115 450.326 115.5 135.465 65.4868
1 332.876 121.41 106.591 170.714 -8.18608
1 520.455 527.882 81.5405 110.266 -10.6603
1 261.998 458.476 117.424 175.376 54.2604
1 366.291 144.326 116.212 181.185 -81.7962
1 502.862 523.143 60.6641 88.9407 -42.0303
1 128.587 449.166 154.724 165.431 68.7705
1 160.421 97.3751 79.5812 80.7013 -60.7934
1 442.389 190.182 112.498 114.471 -42.14
1 249.704 425.999 123.038 179.897 73.9946
