5.8434
1 369.505 487.126 149.36 184.764 80.5628
1 239.443 260.022 151.624 166.703 -46.8316
1 367.886 397.795 113.255 152.72 -48.9383
1 133.141 481.553 108.302 144.698 -67.8536
1 238.1 487.506 167.129 171.311 -79.4955
1 53.5076 124.757 85.7013 178.372 -89.7611
1 118.771 72.5322 102.763 194.944 2.81768
1 136.606 465.252 88.6047 103.435 -41.6861
1 62.4962 422.904 87.0505 97.6217 -71.6284
1 121.095 379.277 118.697 179.219 -76.9682
1 363.213 451.404 114.202 182.751 -48.3523
1 70.7532 99.1833 109.868 139.456 83.2956
1 107.121 56.3699 85.9784 151.516 7.52602
1 259.34 303.533 83.3162 184.364 -75.0188
1 260.521 286.678 136.859 141.068 -81.0502
1 74.0834 68.9783 75.3435 94.7303 9.96627
1 88.1053 419.562 80.6963 82.5515 81.1211
1 254.184 287.032 81.7142 171.15 -23.078
1 83.0123 56.9659 72.476 102.753 19.4153
1 319.235 475.66 81.3752 86.952 -84.298
1 257.452 334.919 82.0533 89.0532 -4.36061
