6.90081
1 527.781 450.543 122.54 125.2 84.7829
1 186.807 121.36 139.361 191.473 -4.82384
1 223.694 362.311 133.845 196.606 87.2054
1 283.636 286.885 186.289 187.492 -50.5711
1 425.743 386.835 126.354 164.368 -5.63833
1 490.706 91.2855 98.7339 154.83 4.71337
1 246.035 123.528 130.435 179.34 27.1577
1 483.642 444.918 108.776 133.474 58.2933
1 529.226 115.961 109.833 137.717 60.5803
1 158.297 334.707 123.093 147.3 70.0021
1 203.123 115.634 114.54 134.808 67.2458
1 426.374 259.293 161.883 168.272 83.3492
1 284.711 157.028 117.646 162.543 -55.1814
1 497.081 266.671 121.547 165.037 -2.24401
1 452.499 445.647 89.3254 154.6 -48.312
1 520.894 100.405 94.7673 97.9417 -74.6157
1 504.8 78.9672 89.571 105.904 2.02491
1 523.379 117.825 85.4761 125.777 -39.5661
1 140.15 285.338 98.9515 107.307 -65.7822
1 494.781 230.27 141.542 145.282 -53.3745
1 462.861 271.184 90.0731 91.591 86.8323
1 170.826 231.779 84.9811 128.404 -61.66
1 529.878 264.863 98.9119 102.286 61.4956
1 292.888 180.869 100.038 156.029 15.7213
