11.506
1 341.833 355.117 164.687 198.583 -54.7219
1 86.9185 183.671 108.974 143.189 -15.3496
1 411.542 416.926 136.931 145.486 -21.9558
1 451.262 100.886 168.436 193.879 5.28265
1 305.681 150.753 117.536 149.444 -7.41324
1 161.951 484.795 105.011 176.17 7.93449
1 384.495 410.63 83.4687 162.117 0.622664
1 275.086 498.974 111.996 113.68 -62.7833
1 290.604 183.818 100.931 170.582 48.9575
1 339.297 151.87 86.4567 111.94 -27.5565
1 145.29 196.994 123.837 124.842 57.5613
1 507.298 105.859 137.903 151.584 -9.9049
1 352.746 376.226 104.133 155.484 71.9133
1 60.3893 369.917 97.5942 116.712 80.3972
1 191.003 455.769 84.8235 105.448 76.578
1 81.0831 359.174 89.2474 130.638 -2.83388
1 50.3493 352.449 86.3786 93.0076 -88.0827
1 198.737 427.741 87.9465 128.739 -81.8244
1 282.787 478.029 68.7632 96.8786 19.281
1 162.14 261.086 131.03 139.496 68.5547
1 506.928 89.4963 87.606 117.404 -52.1089
1 169.717 219.435 143.059 164.886 -76.0788
1 123.453 278.058 87.3835 120.348 8.00089
1 342.783 143.66 67.708 94.6185 74.8664
1 403.189 209.189 81.4009 102.337 11.4555
1 463.12 72.7174 79.1669 144.114 2.27523
1 331.558 383.535 88.1949 128.835 63.1151
1 208.388 411.774 82.6974 125.794 34.6717
1 81.2086 366.98 75.0042 129.441 -5.57519
1 80.4195 390.464 122.897 143.081 -4.70116
1 100.97 378.102 166.209 177.704 -1.80987
1 290.305 458.012 108.846 111.23 49.9474
