5.73382
1 313.551 446.648 135.019 206.557 50.9839
1 104.396 232.872 152.144 198.705 -89.835
1 75.5265 513.146 88.513 119.087 -67.3221
1 490.455 81.0008 120.878 193.296 10.4078
1 120.982 427.152 84.3148 162.38 25.9957
1 287.835 386.458 105.387 117.94 -73.4709
1 510.793 105.549 143.079 164.726 -80.5519
1 260.565 339.888 112.237 155.765 -14.0133
1 138.523 298.041 127.819 142.78 0.650972
1 287.216 436.228 130.545 187.201 -61.8673
1 535.436 86.4482 89.4605 98.8636 88.5499
1 76.0292 391.23 95.4743 129.137 86.1468
1 99.7325 264.091 114.9 129.02 -13.0307
1 162.35 458.592 120.218 161.929 28.2878
1 260.071 363.561 82.1677 133.715 50.3539
1 547.402 105.885 85.8074 117.644 89.8833
1 80.842 404.775 86.153 106.246 -75.4288
1 516.661 70.5262 113.757 122.471 80.1575
1 88.4762 388.458 122.048 134.232 87.4619
1 131.227 253.602 96.5273 194.225 -30.8496
1 153.647 293.25 162.357 192.143 32.4533
