8.9112
1 459.93 111.977 154.449 194.993 78.9311
1 417.954 283.312 152.886 171.374 -22.9955
1 133.577 407.636 101.357 133.815 -40.4138
1 110.842 141.792 114.228 173.711 -12.2988
1 429.205 367.016 135.371 182.244 79.0249
1 331.485 479.159 111.636 137.38 86.1492
1 169.267 192.524 178.221 192.876 34.9724
1 81.9602 334.068 83.6833 91.1079 -61.064
1 276.671 208.872 99.8581 149.554 64.9488
1 274.89 431.444 137.258 174.658 -66.5957
1 516.611 129.599 126.738 143.774 -85.6199
1 481.237 84.1286 92.5072 106.004 33.5865
1 103.623 331.211 82.0843 113.666 -28.3382
1 260.085 476.778 87.2801 89.4958 -4.5143
1 354.157 393.643 91.4702 125.556 40.0982
1 147.188 366.633 105.942 116.955 -63.7761
1 156.088 170.215 88.2078 149.637 -56.8457
1 209.601 292.1 75.594 103.747 -44.4644
1 361.75 278.444 91.3224 139.705 -73.3216
1 537.786 102.315 85.6326 100.181 -69.916
1 279.901 287.03 91.2246 112.071 39.2876
1 177.95 166.79 121.536 126.462 -66.6494
1 260.833 438.34 116.649 163.303 -86.7188
