8.97157
1 543.063 359.538 86.1973 163.276 -89.9728
1 79.6605 443.689 141.435 168.638 -86.6025
1 302.576 482.5 130.737 187.954 64.274
1 228.165 330.645 173.367 190.388 -9.96955
1 304.91 494.342 101.537 144.961 -73.81
1 418.313 354.77 120.632 173.307 -23.7719
1 151.925 120.53 139.323 191.93 24.0648
1 99.7703 490.839 162.855 184.047 64.5152
1 224.415 528.031 115.605 178.448 -5.34311
1 497.589 410.112 121.988 140.985 -52.7347
1 489.272 276.791 131.757 154.098 13.1758
1 96.7109 481.521 123.514 146.066 -19.7748
1 263.188 314.036 130.106 160.254 -75.5753
1 169.669 70.1465 99.2604 107.241 -72.6469
1 392.237 128.086 101.185 157.672 -66.2295
1 275.264 506.097 101.44 140.637 -63.9803
1 210.497 168.678 172.842 181.073 19.0661
1 177.239 110.356 81.6257 129.501 -78.1721
1 525.143 391.442 69.7233 101.647 67.0306
1 72.5176 493.016 93.9368 107.354 -43.5368
1 260.171 130.074 125.305 159.206 -58.9206
1 255.334 287.994 90.7227 127.253 -41.8353
1 192.483 286.751 107.078 129.743 -67.3808
1 283.671 512.338 52.03 78.5218 52.4132
1 82.1697 515.914 90.7378 139.262 -2.66298
1 397.304 193.324 73.1737 84.4044 52.7295
1 532.361 376.066 82.646 105.122 -61.8078
1 199.528 259.406 82.5062 93.1747 81.9493
1 404.835 208.061 87.5489 117.727 -29.8023
1 401.34 240.979 92.2762 175.328 80.5952
1 365.804 132.163 87.3151 134.327 89.6948
1 292.357 518.462 86.8987 98.9554 27.4886
