2.91868
1 179.428 234.692 102.679 139.078 36.4859
1 206.114 211.922 151.73 181.14 -25.4125
1 103.488 401.976 84.1065 100.531 60.1902
1 491.155 478.382 81.2685 90.826 -21.9007
1 164.316 258.123 156.61 165.002 72.7364
1 396.282 407.682 124.015 160.849 35.0378
1 365.017 77.7946 106.801 137.029 -11.4671
1 361.657 432.33 144.242 195.308 3.05761
1 226.287 327.255 92.7265 100.792 -87.0966
1 388.359 102.77 121.143 165.748 63.5746
1 165.095 475.85 88.7651 121.491 -5.83459
1 205.63 463.524 125.131 162.754 -17.075
1 358.217 98.5278 83.7736 151.026 -79.31
