35.9939
1 169.933 168.936 32.9599 46.6323 78.4607
1 247.768 242.78 40.9905 47.2115 66.4215
1 102.941 231.129 62.6284 70.4342 66.1611
1 31.2915 152.77 43.4015 62.7663 88.0142
1 255.845 171.909 47.6162 55.8065 -1.87784
1 204.001 263.959 30.6876 50.778 14.7966
1 83.1372 85.8055 32.81 45.1477 -73.5389
1 46.9232 44.0687 41.6476 43.2844 72.544
1 93.4669 42.3537 43.9852 48.0262 0.46175
1 128.224 69.3337 33.3102 53.6016 -24.0308
1 182.053 75.0098 44.9263 46.4146 -67.0022
1 252.977 46.117 43.6474 58.2767 31.8943
1 43.0798 66.3201 33.3475 50.5703 49.2334
1 132.115 34.8439 32.9995 35.0702 16.9883
