# center_row center_col major_diameter minor_diameter angle_deg score
249.095 105.781 86.6691 74.3003 7.40596 0.878415
191.003 205.02 62.821 60.7418 -73.1359 0.838125
42.3368 58.107 72.8475 63.4464 -69.1581 0.824584
169.008 96.9407 83.0849 39.563 56.5774 0.875671
209.962 250.954 74.5944 60.9081 -82.9056 0.795613
85.2022 238.257 80.7134 58.5231 -6.69843 0.846885
259.847 213.069 64.8221 32.8967 -23.7857 0.788806
136.011 208.967 36.7112 32.8959 30.2529 0.936229
52.7071 163.227 96.6884 46.3761 -87.3397 0.856983
