# center_row center_col major_diameter minor_diameter angle_deg score
115.585 134.408 73.5658 68.5768 57.4633 0.780443
30.9531 245.086 71.4682 41.7882 62.1072 0.841969
102.942 254.122 66.4906 48.5871 -7.20853 0.804778
243.983 238.979 60.7449 50.8562 44.636 0.848091
119.604 67.8144 66.3109 29.2847 -4.24951 0.78437
69.881 51.843 62.4961 36.5213 18.9451 0.817546
205.115 272.951 58.5459 40.9263 15.3488 0.824803
222.08 66.0305 30.6418 28.9511 -31.2728 0.896709
248.084 92.7556 57.1559 35.0511 -79.002 0.813075
