50.6552
1 114.051 26.0225 35.5415 63.4001 -34.2875
1 108.944 101.003 48.5633 48.8549 -15.3147
1 91.8998 260.915 42.7584 63.0818 39.9592
1 220.626 44.844 38.7284 74.1529 66.1792
1 259.881 268.077 52.5023 56.5598 19.9147
1 141.472 224.758 47.927 70.7495 -47.2382
1 194.173 163.287 60.4292 98.1926 24.6104
1 242.691 219.079 43.5686 51.5984 -33.1628
1 65.9346 76.4273 66.599 74.6594 -49.8439
1 102.9 173.238 61.6979 73.8163 -41.1936
1 272.496 98.9911 38.9791 41.6666 -21.9547
1 188.054 214.154 30.682 38.143 66.0758
