38.2825
1 158.511 180.255 70.139 80.1904 -1.40941
1 140.158 95.3802 61.7732 79.4967 -1.125
1 124.486 255.205 48.3254 72.2802 -79.0123
1 31.6808 109.388 35.4505 63.9885 60.9805
1 163.52 267.155 39.5763 57.6298 61.8241
1 193.618 225.333 38.5747 53.8839 50.6006
1 75.5354 108.227 35.7979 55.6182 67.282
1 95.421 54.9887 52.2763 77.6793 60.6771
1 53.8333 213.987 49.7763 63.3118 -3.62459
1 215.582 33.2659 31.4842 33.6428 32.5117
1 36.0492 219.618 41.3232 65.9499 -30.7688
1 208.446 173.108 40.0868 42.1516 9.8726
1 223.402 123.315 39.8489 52.0015 62.6358
1 31.6223 171.339 40.2531 47.5789 80.5233
1 128.229 30.4012 38.1341 52.5292 50.779
1 245.722 146.423 40.1406 47.707 36.8027
1 173.35 47.1691 36.378 56.0434 -7.97019
1 268.435 121.74 37.3578 50.618 66.018
1 59.3025 140.833 35.882 56.3568 60.7643
