78.4305
1 239.424 196.696 49.2423 90.2658 -35.9076
1 227.819 263.09 52.2811 64.6583 85.7268
1 112.425 60.8571 62.0957 63.923 48.683
1 259.462 249.194 66.394 100.292 -66.9158
1 139.798 180.858 74.7691 85.6088 20.2496
1 80.4875 118.135 42.5151 53.8109 -50.6001
1 256.548 102.167 49.6193 65.7547 -77.3667
1 153.293 50.3629 36.6337 100.697 -56.2108
1 154.535 102.217 59.662 79.3877 75.1325
1 77.4728 166.607 51.2523 68.1524 10.137
1 233.105 63.5382 63.8473 68.1997 -86.4657
1 63.7931 221.358 40.7365 89.1399 54.3093
1 272.57 55.9905 38.4314 55.4198 -58.4704
1 104.936 261.364 47.9212 68.5493 41.1598
1 214.235 104.43 36.2421 39.4779 -57.3912
1 140.543 237.245 42.4337 68.4348 -17.444
