35.0965
1 60.4847 234.312 72.3863 86.3158 -44.2657
1 73.4343 33.3262 44.335 70.1859 -18.6503
1 203.209 41.3807 36.4924 86.6601 -36.6224
1 160.265 198.546 75.0428 81.0415 -68.0283
1 217.929 196.494 43.6205 70.8799 -13.4444
1 257.429 131.311 38.3642 64.433 -16.023
1 67.4083 139.007 40.518 76.6065 -48.1725
1 45.2571 96.7779 55.9117 77.3856 24.8379
1 94.5133 262.119 37.5127 59.7194 61.5594
1 188.321 81.7022 33.2833 59.6682 1.00047
1 197.482 232.012 36.9169 64.5256 28.7716
1 146.503 69.1997 44.3234 54.5632 73.4114
1 155.559 43.1889 40.475 68.1261 -84.9407
1 87.4574 80.107 43.7152 46.3858 14.7447
1 182.16 143.889 33.7066 46.639 21.2728
1 105.028 119.598 42.5493 50.7827 40.6864
1 153.717 141.268 39.146 56.2554 -5.58233
1 95.8997 217.136 38.7107 48.1607 -30.2881
1 36.5402 49.232 36.2487 42.361 41.7117
