1.7629
1 144.494 198.146 63.9645 93.6924 -33.8624
1 244.492 125.283 60.0523 64.0896 -35.0311
1 113.529 48.9706 58.0468 87.3511 -71.7273
1 229.482 235.275 73.8856 75.8027 -5.27086
1 61.4213 115.277 88.0664 93.6238 -39.1871
1 190.52 119.138 78.3836 89.895 25.8894
1 76.5315 237.291 70.1233 73.8488 -69.5061
1 247.151 55.4807 43.9325 88.6764 -34.9204
1 183.511 64.5727 36.1915 68.0174 -86.5486
1 238.604 207.314 61.8927 80.237 46.3937
1 122.525 99.2265 31.8297 41.9435 67.4892
1 73.5034 155.289 60.0368 64.0288 62.359
1 134.477 237.227 38.0446 73.7417 -72.3964
1 45.5453 206.291 45.8916 47.8628 85.2866
1 222.572 53.2708 36.5596 70.3489 87.741
1 269.436 237.664 41.7915 51.6993 4.93583
