2.0884
1 33.4816 92.2663 59.9853 74.0403 -61.3873
1 123.1 56.5075 75.9752 80.8341 -31.4206
1 259.516 220.205 53.8908 76.0943 74.6993
1 201.402 96.3734 35.9855 73.9506 -22.1624
1 87.4434 160.174 38.0324 82.1186 -65.4666
1 38.7129 172.716 48.7835 84.2177 -74.7018
1 124.46 189.319 50.2226 53.6055 -81.8544
1 249.637 106.341 42.1617 57.4986 57.2281
1 28.5159 231.097 46.0553 50.2119 -68.6218
1 48.5201 48.283 64.169 67.9254 23.8956
1 184.553 200.271 33.9536 71.5038 31.9001
1 213.537 51.2929 71.7877 71.8918 36.4302
1 146.51 141.227 48.1862 67.7963 82.3257
1 191.489 254.153 54.021 66.2478 -59.4416
1 99.7176 124.402 39.9194 72.4083 18.276
1 241.515 178.259 51.8838 63.8786 -88.7889
1 144.23 43.3887 54.7778 63.8694 48.384
1 271.289 162.366 31.8515 54.5949 -16.9095
1 251.089 43.4569 32.2469 54.7361 -63.0042
1 160.457 243.962 60.0754 76.4357 82.6753
