2.7146
1 139.398 52.3134 55.9839 75.9599 -40.7246
1 39.5693 143.28 37.9216 47.9051 42.1126
1 248.599 249.367 71.3846 71.9011 -40.1527
1 272.595 51.238 33.9389 57.6645 63.3097
1 96.5736 254.345 47.9213 72.0311 20.4089
1 181.498 69.2673 47.9745 51.8088 -4.02062
1 197.492 151.256 53.9185 80.0351 -15.7254
1 147.409 129.856 46.6679 47.797 -12.3718
1 39.605 56.4177 44.1981 48.0929 22.6567
1 156.23 172.377 62.0033 75.3273 -48.6637
1 85.5234 268.316 52.0067 61.8963 6.49681
1 64.3805 49.3716 31.8935 61.9421 -17.2547
1 94.5829 141.926 31.8994 59.4068 29.6033
1 236.087 48.0072 35.7703 63.2291 70.191
1 247.484 73.6223 38.2705 59.2685 65.8581
1 62.514 112.32 73.8595 73.8824 -17.0864
1 200.189 209.466 31.8445 51.3498 -60.1659
1 153.417 28.3334 34.0348 51.8694 -22.2636
1 222.553 264.276 36.0595 55.665 67.7493
