2.9014
1 36.5246 44.2699 64.1163 67.928 58.5876
1 235.502 94.2698 67.9998 83.8094 85.4178
1 179.509 146.209 46.1914 55.7163 61.9167
1 81.5532 162.222 45.9984 76.1871 75.326
1 153.275 161.436 57.3885 69.7042 82.8151
1 144.486 94.1556 38.0011 66.2228 -59.9866
1 173.713 240.353 47.9354 70.2075 27.0321
1 98.0124 31.5084 45.9145 85.1035 -25.2111
1 60.5085 106.272 53.9654 55.7952 -79.2225
1 234.475 48.7005 43.9696 52.823 67.5636
1 177.54 48.3294 45.7985 65.8225 0.998303
1 270.896 230.458 39.4634 43.5088 81.5453
1 262.376 188.334 36.3127 53.9384 30.0754
1 100.507 57.1885 38.005 59.7009 -86.9242
1 227.246 194.544 31.9953 65.3767 15.7625
1 203.503 90.2085 46.0455 62.1461 -34.3763
1 185.513 266.281 36.0586 39.9682 -17.4293
1 148.56 49.4242 31.8295 39.9731 12.0979
1 168.198 150.594 23.6972 47.4987 65.4283
