2.0031
1 35.5951 152.281 41.9351 65.9711 43.8028
1 162.566 71.3598 48.1047 70.0771 12.17
1 219.5 265.15 46.047 66.0881 -72.5878
1 237.766 65.365 39.9579 64.476 43.5161
1 256.444 260.196 32.0236 55.9537 89.686
1 123.444 215.227 34.0496 41.9481 -37.7174
1 68.2279 55.3907 40.013 73.7018 -20.3432
1 198.408 212.314 58.0073 67.8725 -25.9893
1 203.504 167.068 31.6579 33.8167 35.5192
1 184.292 126.125 41.551 48.8766 -28.6647
1 235.713 129.375 37.9118 46.6171 21.4746
1 140.422 158.397 38.0487 64.1541 -10.3074
1 102.461 236.353 47.9385 55.7306 76.0418
1 262.599 82.3178 32.0926 51.9629 19.8413
1 127.773 134.405 58.5071 72.1054 -70.3291
1 91.2502 212.407 51.4975 67.708 34.4943
1 62.497 159.268 37.9256 40.118 -44.4957
1 72.418 88.2183 54.1883 72.7115 -47.083
1 200.03 87.4292 39.0416 51.9896 42.3542
1 103.555 57.708 34.2868 42.0854 -41.0784
1 262.453 145.647 31.7563 62.7122 -68.1393
