2.0068
1 68.1138 28.5756 37.7561 71.5435 -28.2637
1 108.452 246.229 44.1874 58.0479 -55.7601
1 44.2832 86.3568 50.2016 61.3596 -12.9944
1 243.481 242.309 69.8039 72.0361 -5.33502
1 267.519 64.0843 50.0938 54.3945 58.1193
1 171.511 79.2341 33.9825 42.1212 -49.4344
1 237.602 29.3174 36.4612 37.7859 -50.7179
1 99.5113 260.348 37.9001 61.8018 1.57904
1 206.698 59.3366 39.7343 57.8212 75.9779
1 58.7201 200.544 44.9922 76.1177 -56.8389
1 25.5119 194.278 44.0922 47.9657 32.2713
1 141.457 150.277 45.9913 57.7096 -86.7509
1 194.474 267.156 38.1262 56.2589 36.8138
1 227.513 197.343 41.9556 52.1072 21.5047
1 175.656 47.362 54.2042 55.8187 -87.766
1 168.535 135.531 41.2777 50.6142 -50.3338
1 68.9793 156.523 34.106 50.9702 22.3857
1 136.72 109.33 39.7772 70.4937 23.6031
1 78.1158 74.415 32.5984 35.942 -72.8455
1 61.4498 30.2239 29.1236 52.2814 -43.645
1 187.787 225.068 54.2344 57.3017 31.0327
