1.8069
1 62.5146 58.2975 79.9621 89.8184 4.10768
1 144.507 257.284 70.0721 71.9329 -56.3759
1 236.479 241.043 38.0355 91.7701 -61.3531
1 188.548 170.317 68.0766 79.7987 -8.58531
1 212.49 70.2948 69.9812 82.0227 -23.7815
1 118.419 65.3457 42.082 72.1618 -20.9811
1 52.4412 252.268 34.1198 45.8034 -37.4212
1 89.5162 154.293 63.8629 69.9146 1.75161
1 254.272 269.4 49.8907 76.4944 -24.6327
1 86.485 227.314 59.9314 75.9183 2.01629
1 150.573 135.311 34.3989 51.8355 -79.688
1 55.7252 139.413 43.7818 68.6145 13.6461
1 218.675 275.599 43.4654 66.306 7.93984
1 90.5511 122.385 40.1372 47.6867 -7.47665
1 232.523 120.199 57.934 59.8482 -21.349
1 241.059 60.4326 38.9979 57.5618 46.3888
