1.5512
1 124.559 169.263 79.9196 104.025 -78.7541
1 213.495 197.294 82.0457 91.9956 -32.7012
1 27.5064 231.586 43.9747 106.74 88.3371
1 45.557 173.085 68.0408 107.531 -54.3124
1 60.7601 60.3894 40.078 101.996 31.2086
1 141.529 110.299 82.0142 83.7249 10.4039
1 174.587 51.2648 36.0876 56.0382 51.0904
1 202.508 247.258 59.8664 71.7653 -89.1277
1 241.25 29.4259 36.0051 104.34 -17.7348
1 234.51 96.2727 63.956 67.7576 -88.1051
1 258.486 83.143 50.0633 88.0234 -76.7194
1 89.4642 60.7316 31.9309 81.1368 73.5116
1 27.634 201.353 37.1566 44.534 67.0357
