2.0624
1 257.508 253.102 52.0885 94.1374 69.6547
1 116.317 229.376 43.9641 80.3134 -26.2341
1 65.6934 155.383 57.8513 98.2359 19.608
1 239.472 58.3246 65.9436 91.8842 -11.4277
1 256.468 116.246 47.9072 80.1384 -49.3121
1 134.516 50.216 69.921 75.896 55.6441
1 164.527 275.361 37.9775 71.6976 18.0868
1 113.372 181.361 31.8346 94.3056 -40.0062
1 124.486 133.289 57.9222 68.0302 -20.4545
1 108.377 85.2577 34.0443 72.156 -27.0621
1 196.841 251.331 42.094 92.2558 34.2062
1 35.7108 234.249 58.1163 67.3907 -16.0927
1 261.723 191.333 33.9492 68.4252 -5.12933
1 72.5547 266.212 39.8916 43.9257 86.5566
1 163.777 75.3783 43.088 44.0761 -63.134
1 219.549 89.3051 36.068 41.9549 17.9469
