1.4721
1 83.5113 61.0583 49.8231 97.8888 -80.6259
1 227.469 180.354 78.0565 95.9537 -5.30352
1 141.425 113.376 53.9629 87.6631 3.03495
1 83.5256 161.138 59.9579 97.6164 42.3105
1 214.45 69.3277 86.0175 100.12 -26.7774
1 97.7186 181.322 38.8114 57.0935 4.89067
1 45.9849 61.4932 41.9571 75.3 31.3653
1 152.463 140.285 54.041 60.0616 -28.3042
1 153.384 226.317 52.0524 91.7386 -43.6595
1 103.344 185.712 43.9955 65.999 15.5896
1 215.657 227.379 40.075 63.6429 18.9288
1 255.487 78.2678 50.1824 51.8914 48.3616
1 152.436 257.29 35.9284 50.0654 -34.0088
