1.804
1 200.488 248.282 85.8494 91.9416 -33.8997
1 143.498 113.297 102.024 104.017 -40.6497
1 50.4978 189.27 74.1098 75.9455 40.7109
1 43.5022 253.124 57.8907 78.3558 -75.878
1 239.426 151.281 44.176 89.7259 -54.3073
1 84.4418 222.315 70.0579 101.919 -30.3614
1 176.52 124.273 76.0463 81.8463 73.6723
1 164.746 35.4212 31.9324 96.5718 16.8818
1 200.499 64.0746 38.2466 54.2627 27.9234
1 164.498 249.244 58.0292 59.7872 85.0476
1 247.559 172.258 45.9233 64.1467 55.6878
1 106.591 42.8669 42.9416 46.069 -25.3717
