1.5072
1 153.915 251.733 83.7155 88.9327 -16.1067
1 51.5017 224.095 45.9915 63.5783 -73.9326
1 80.4805 98.3368 43.9587 67.9357 -11.7969
1 253.699 79.3437 69.4477 94.0534 -73.3517
1 143.816 39.4264 36.024 76.6241 -2.49094
1 213.058 127.562 45.8593 97.1974 18.9904
1 234.318 169.611 35.8416 84.1952 2.12478
1 227.554 56.3173 55.9313 82.1457 22.378
1 41.502 69.2514 63.9473 71.7982 87.6079
1 154.156 192.442 42.0748 118.203 -33.2857
1 53.4737 263.283 38.0177 46.1053 -21.9321
1 160.49 50.2813 45.9327 49.806 -2.73646
