1.8074
1 234.45 243.201 34.0893 67.9343 -72.0288
1 250.588 175.341 34.3875 69.2197 -25.6326
1 66.5774 257.285 54.0245 85.9186 38.1363
1 165.67 60.3045 42.0558 68.1618 40.8114
1 150.488 154.301 51.9907 56.1376 -28.9791
1 85.4712 136.892 37.9372 93.0178 50.8402
1 138.589 188.32 47.9108 63.7614 49.9245
1 224.498 41.2823 71.9356 75.8674 5.73898
1 270.555 233.301 37.9848 45.9587 53.7558
1 177.52 106.061 35.9995 82.6048 53.8856
1 218.385 166.204 38.7811 54.6617 -54.2232
1 254.495 44.2532 44.0153 49.9586 -16.184
1 83.4533 221.366 35.7807 78.4224 2.01436
1 199.629 114.33 31.8171 56.0162 25.7999
1 196.457 196.016 32.4523 56.2001 -33.5984
1 30.339 230.379 42.417 46.0393 55.0397
