2.1892
1 124.604 65.3212 51.9269 53.5936 -2.55977
1 62.8545 234.68 55.4593 57.732 81.8845
1 111.551 223.317 58.014 67.694 -8.44263
1 154.474 260.205 35.8701 50.0093 -71.6677
1 276.528 213.21 39.9667 65.8474 88.5485
1 38.6661 114.333 41.893 68.2176 42.7248
1 230.503 228.253 36.1784 37.8132 -53.3106
1 193.486 174.338 68.0409 73.8624 -12.1941
1 148.455 174.3 40.097 61.8448 -19.5087
1 254.652 72.3772 57.8156 72.2944 1.93771
1 114.462 269.316 53.9755 65.9966 -29.2385
1 215.557 113.277 35.9761 58.0566 52.8455
1 165.49 132.142 41.9529 43.4872 -89.9932
1 207.501 276.302 35.8803 46.2008 -23.4524
1 72.5904 190.229 31.8239 40.281 38.0711
1 86.3846 138.354 41.8863 61.9538 -35.9143
1 199.213 241.732 43.5695 58.3412 -88.409
1 89.5282 110.218 34.1182 47.6742 66.0673
1 78.54 46.3103 40.0797 47.8717 -6.93276
1 267.568 63.2298 42.0155 75.974 74.2738
1 236.988 137.537 34.652 41.9546 -52.2766
1 44.3893 149.234 35.966 44.1767 -69.8489
1 266.473 181.978 38.1388 69.2952 74.9525
1 85.5875 37.2857 36.0617 49.8387 64.5594
