1.7581
1 68.5577 209.322 78.0524 88.0694 20.2966
1 213.405 50.3481 57.9219 88.0613 -27.8918
1 109.431 132.24 56.0551 86.1337 -48.1764
1 210.536 203.318 46.0363 61.9533 12.1386
1 133.566 76.1992 57.9846 93.9154 53.0157
1 176.487 138.474 42.1248 94.9183 -86.3739
1 73.3028 257.389 54.0958 93.6514 -17.9214
1 48.5464 68.3101 60.0028 77.7795 37.3301
1 198.516 242.11 50.0946 58.3355 78.7515
1 37.4296 126.311 46.0727 47.6787 -32.444
1 236.608 253.361 50.2094 55.6184 15.6503
1 126.491 215.364 58.1601 82.0888 16.1911
1 69.4539 80.191 38.07 85.9893 -65.9096
1 258.505 219.256 32.036 33.5791 65.9493
1 130.795 255.733 37.6369 50.9676 86.5966
1 193.533 103.586 39.3766 42.477 -36.5625
