1.8002
1 239.397 196.357 46.0889 88.0999 -35.5349
1 154.54 102.193 61.9274 82.1088 75.8226
1 262.281 249.975 57.6188 97.1629 -67.401
1 153.678 49.7277 34.0248 96.6217 -56.0744
1 140.501 181.206 77.7593 86.0821 23.6723
1 113.476 61.2909 60.0415 64.0297 31.4603
1 80.5163 118.135 40.1372 51.5398 -50.4845
1 78.0327 166.929 53.5591 64.5503 5.33449
1 226.515 263.247 52.0415 65.711 85.6454
1 256.519 102.162 52.0116 68.2815 -77.692
1 232.614 63.2274 60.3681 65.6318 -80.4938
1 105.653 260.333 48.1072 67.6081 41.6274
1 214.483 104.239 33.8884 38.0065 -53.1828
1 272.533 56.0142 36.0847 53.2279 -58.2403
1 64.5784 222.188 38.0447 89.9384 53.4199
1 141.109 237.513 40.6711 67.049 -15.2905
