2.1423
1 268.492 200.076 32.0162 85.612 -63.3597
1 259.538 66.2792 65.7981 78.1017 22.9564
1 189.478 33.0669 34.1246 61.6961 -74.7895
1 107.191 164.034 38.0802 51.9693 28.5884
1 93.0931 169.44 53.7379 74.9966 0.174283
1 66.3894 81.3132 59.974 82.2738 -31.8406
1 132.521 267.013 58.6228 59.74 21.4609
1 179.593 177.252 36.0369 62.1661 45.1347
1 112.589 241.229 33.8323 79.9135 52.6406
1 164.336 231.353 31.919 44.1179 -41.1032
1 88.5631 107.271 42.0514 66.036 36.8604
1 206.843 270.197 28.8459 70.7725 -29.2169
1 262.595 112.316 46.0815 49.706 26.9312
1 247.488 254.183 41.9564 64.2293 -55.0834
1 112.847 162.558 44.4192 63.078 3.92207
1 147.033 44.8486 69.7103 82.4939 -64.0253
1 221.471 91.8211 43.7848 48.0809 -75.9271
1 205.775 147.032 19.4104 33.4581 -45.1188
