1.344
1 221.454 75.2683 79.8963 101.889 -49.9264
1 99.4895 175.256 86.0598 93.895 71.3774
1 61.5261 81.2861 60.1149 61.925 59.013
1 49.6284 156.3 54.0462 105.928 44.5205
1 152.513 225.294 48.115 61.7586 -45.0102
1 125.541 78.2563 67.9916 77.8859 -56.2667
1 112.232 247.383 56.1202 71.4414 -20.5971
1 212.562 204.232 31.8957 94.2947 52.4005
1 208.675 162.323 41.9455 98.2171 34.2192
1 169.543 146.24 44.091 49.9954 42.8884
1 146.556 34.2665 31.9416 44.1959 34.3104
1 242.542 112.24 31.9321 42.171 50.0602
