1.9666
1 216.514 118.281 87.955 96.134 -24.354
1 115.498 251.206 82.0819 92.103 77.2534
1 60.5641 181.201 34.0284 77.9941 60.4346
1 159.531 248.164 44.0382 93.8324 70.5151
1 275.635 223.986 42.0799 57.0848 -65.9214
1 181.505 32.3524 39.9137 58.2355 16.8085
1 104.46 145.281 70.0354 78.1573 -38.0426
1 256.523 270.113 42.0345 64.2693 50.0057
1 146.439 184.963 35.2163 80.06 -21.5211
1 209.483 245.155 40.0398 76.0902 -75.3094
1 149.462 75.2828 58.2008 75.8799 -79.6493
1 92.9841 85.4917 45.9278 71.2992 22.691
1 249.499 55.0212 53.9228 61.3981 54.7233
1 109.546 52.2486 42.0318 58.0603 50.4644
