1.5415
1 252.486 47.1044 38.0582 85.8179 -83.0698
1 89.5748 38.2702 38.0833 81.8058 39.5504
1 142.564 247.221 42.0432 85.7766 61.2177
1 192.522 146.287 47.9037 58.0953 17.9462
1 210.655 88.3521 38.0087 59.9061 38.0311
1 106.517 183.1 36.1102 89.918 64.3845
1 143.571 95.1785 56.2519 65.9917 76.3111
1 243.441 254.317 63.8662 81.9962 -32.8773
1 262.454 222.227 34.036 43.8865 -71.5453
1 233.573 145.333 49.7662 69.6837 89.8522
1 40.5215 37.3156 32.0425 41.8839 12.1437
1 226.437 36.307 38.0252 59.9384 -30.7532
1 80.3515 223.378 49.9688 87.802 -37.5374
1 217.494 244.256 52.0314 54.0446 -38.47
