2.095
1 152.52 87.2694 82.0914 83.9087 61.8454
1 201.555 42.2432 42.0255 84.0851 58.6738
1 152.337 222.342 33.9302 67.8004 -37.4858
1 88.4844 184.262 80.0539 83.8451 -79.2768
1 163.5 146.103 37.9472 72.0215 -87.6844
1 258.524 158.182 47.6114 65.9819 2.17352
1 256.535 197.22 50.1285 73.866 80.324
1 25.4975 141.304 38.1392 45.7317 -12.0948
1 218.392 76.3941 46.092 79.9892 -5.06554
1 254.493 271.27 48.1447 55.8523 -57.6696
1 52.515 63.9845 42.0034 79.4854 -69.3634
1 237.323 31.3451 37.7192 38.3762 -20.8279
1 65.0702 225.517 40.1643 77.2598 7.24254
1 230.527 262.237 39.9819 46.1623 61.7889
1 199.567 211.271 38.0739 54.0235 -21.5576
1 216.806 166.36 48.7649 53.8396 -53.1762
1 105.991 216.522 32.0615 78.7904 -39.6491
