2.0446
1 48.633 220.277 61.8008 66.247 -2.63862
1 169.505 251.111 32.0067 81.8827 -82.6321
1 189.495 114.253 66.1213 77.917 -74.7864
1 91.9176 148.998 52.3414 74.0181 -72.8873
1 210.414 256.382 39.9006 84.4337 -22.9732
1 113.757 244.334 32.0646 83.585 44.6048
1 122.261 214.387 51.9444 86.4886 -20.9694
1 234.61 130.438 51.825 75.6589 0.495078
1 245.503 209.25 46.1337 47.7766 -60.6493
1 133.592 102.237 31.9387 59.693 62.1112
1 34.5063 39.2589 41.7922 43.907 -0.86917
1 188.481 160.321 54.0088 59.8545 71.0792
1 55.4745 128.079 46.0436 77.4504 86.0601
1 202.73 48.3029 41.9397 46.3606 -4.13887
1 106.47 33.1639 41.903 57.6821 -62.939
1 239.083 41.4657 40.0924 72.5485 -43.4975
1 239.521 70.2766 40.018 48.0743 -51.7831
1 95.7518 60.3531 38.0304 74.391 52.0936
