1.7754
1 43.4992 153.335 54.0635 73.8304 -6.61352
1 128.457 233.356 50.1582 69.9776 21.4875
1 94.5249 102.225 36.0254 53.8974 67.4674
1 174.474 79.1736 45.7483 59.8472 -34.7845
1 197.555 232.136 31.8743 46.2248 -60.9061
1 31.5934 84.3251 35.9754 48.1831 17.3174
1 26.7932 219.395 46.5223 47.8529 85.2593
1 134.513 71.2301 49.9504 70.2379 75.6193
1 259.53 228.269 50.1525 78.1461 68.938
1 155.292 33.4036 40.0223 56.7535 -37.3836
1 29.5089 264.124 48.3773 49.998 40.1452
1 168.29 121.325 44.1474 49.4063 -22.1532
1 47.5073 29.2949 34.1315 35.9981 -37.7743
1 68.5348 222.084 42.0158 83.614 -54.7688
1 255.175 257.439 37.9439 53.2613 -65.4928
1 24.5361 127.257 39.9383 46.0645 60.519
1 97.4303 254.064 44.2342 46.4075 57.2742
1 75.5182 64.8279 53.173 57.8967 22.0705
1 233.244 217.42 31.6601 78.6586 52.5353
