1.6285
1 220.499 224.336 56.1297 71.9449 -11.3771
1 89.6014 49.0663 77.8354 83.6934 66.6314
1 42.3064 116.344 50.1341 91.3596 -42.1136
1 152.358 86.4065 61.8162 87.6757 -0.232195
1 71.4884 237.263 70.1401 87.8485 -85.4248
1 199.376 159.397 33.9118 62.1217 -11.8454
1 173.507 176.138 34.0258 75.7391 -87.8069
1 259.509 67.2709 46.0267 47.7793 69.8391
1 268.396 127.286 40.0977 71.8254 -48.0096
1 242.425 109.389 38.1415 73.5562 -2.03551
1 117.536 170.216 35.9654 59.7268 70.4092
1 107.713 234.422 37.9295 75.7982 46.2829
1 256.493 228.234 35.9159 51.7209 88.5958
1 83.4619 166.897 58.2427 77.0016 82.4487
1 88.6182 112.639 34.6642 37.801 14.0105
