1.6799
1 199.472 202.287 88.1309 89.9833 -69.1039
1 50.4591 103.28 72.0029 85.9698 -14.8642
1 246.53 87.2692 85.9637 88.0958 54.2976
1 112.412 89.3117 46.0981 49.9731 15.7661
1 169.56 174.473 35.7768 96.818 -66.043
1 250.511 23.2688 37.7684 37.8836 10.027
1 244.626 101.581 75.417 81.6733 23.121
1 87.3655 257.387 34.0642 72.0524 -12.1557
1 89.6969 213.315 37.3258 94.5446 68.5697
1 165.549 92.9212 48.8028 52.1845 27.7994
1 105.931 72.1643 40.7621 62.2077 -34.1394
1 36.6423 150.887 31.7665 32.7149 -70.0052
1 177.613 72.8172 39.9458 44.9186 -64.5139
1 227.021 25.5099 37.3449 43.9978 -85.1261
1 71.403 130.281 31.8639 52.2991 -51.0137
1 141.309 231.388 44.0805 49.568 -47.7569
