1.9874
1 151.478 259.112 46.016 78.1714 -61.4263
1 125.406 85.3313 52.078 68.0688 -8.75553
1 190.466 135.312 53.7631 60.0943 41.0649
1 246.537 111.909 55.9945 59.0505 64.1085
1 253.469 229.245 52.0954 75.9427 -65.1299
1 52.5857 63.2981 54.0323 82.0952 42.4484
1 72.3792 164.351 34.2008 47.4232 -8.98839
1 92.5219 217.269 55.8945 63.9045 -4.64418
1 121.487 138.127 60.0616 72.4137 -62.0962
1 193.504 91.2902 37.954 41.7955 2.84793
1 62.5077 224.297 63.8677 63.9391 -61.2523
1 67.5173 268.215 34.075 49.8715 -77.2081
1 213.484 197.215 35.7106 48.0736 -68.223
1 78.1033 116.964 41.7212 78.6822 -25.5749
1 173.515 200.103 49.8375 63.9286 -57.7673
1 246.746 148.422 37.9794 65.4218 32.5545
1 228.099 249.316 39.8324 73.6579 16.2412
1 273.695 67.4125 33.4529 36.1494 -53.4603
1 73.0464 46.4325 34.6122 46.3825 25.7274
