1.8435
1 138.55 164.287 58.0591 66.1938 52.0441
1 150.547 238.246 67.8507 80.0585 67.2
1 76.6005 107.352 38.0262 77.8696 26.3253
1 277.544 203.206 40.117 58.0201 76.0745
1 259.51 116.245 56.0384 73.9826 58.3299
1 124.588 36.3317 49.9221 64.3943 66.256
1 86.5348 273.237 40.003 49.773 61.5196
1 202.5 103.196 58.0306 76.2545 55.5688
1 256.487 179.3 55.7749 84.0161 0.348244
1 182.524 206.216 44.0743 77.8844 81.5139
1 229.531 70.2592 48.1873 65.8741 -78.2902
1 145.432 129.348 37.9374 56.1841 -15.5977
1 231.948 255.439 46.1075 64.838 4.82034
1 58.469 150.273 41.934 48.1855 -24.4966
1 49.5473 244.358 44.0949 62.0048 -13.4589
1 227.478 221.948 34.881 35.8906 -3.51293
1 149.049 20.5079 33.1769 39.993 46.3026
1 151.577 78.292 38.1816 41.9273 17.9686
1 32.3577 129.358 60.0573 61.5554 -76.3102
