1.8721
1 240.527 211.3 95.7511 95.8556 -54.9941
1 105.442 51.2967 81.9683 98.0688 -35.5461
1 70.4036 257.271 47.8629 94.4051 -44.7776
1 54.5099 205.173 42.0771 71.8012 -86.7089
1 44.508 66.2563 76.1648 93.7604 -58.8787
1 113.651 204.316 42.0003 85.9366 45.3143
1 180.573 53.2168 44.0334 65.9829 70.084
1 185.462 218.314 46.0191 50.1227 -53.2977
1 189.534 157.212 63.7141 72.1114 6.08605
1 188.122 269.569 38.2362 42.1538 -63.2253
1 66.637 107.365 57.9229 77.7419 69.0081
1 146.938 260.744 47.7935 70.3773 -49.2247
1 171.509 76.2124 31.9106 83.8095 -78.4786
1 152.652 176.202 32.2194 58.3887 24.5507
