1.7438
1 176.605 204.355 42.1125 73.992 13.821
1 228.597 70.3596 39.9969 75.6748 15.5434
1 202.58 140.212 42.041 95.9846 54.4566
1 163.531 129.26 65.9545 69.8871 -1.91856
1 50.2699 75.3728 45.9674 95.8893 -35.5475
1 67.5028 105.262 54.0932 57.9683 56.2225
1 107.605 26.3559 43.8661 86.2532 10.9024
1 118.574 227.947 54.1269 58.3718 -50.3898
1 211.517 28.9281 37.4787 65.5053 39.7085
1 155.294 24.3628 41.8381 50.4101 -1.00566
1 114.457 216.251 54.0889 71.8851 -82.3729
1 51.0244 239.532 34.1184 50.5268 32.379
1 131.537 52.2472 36.0632 64.2069 59.4989
1 20.3077 99.3675 31.6633 47.8961 79.2681
1 192.508 60.0478 46.0526 81.6653 -63.751
1 117.063 222.47 42.3002 53.0752 -22.2391
1 22.492 225.894 38.2103 56.6899 68.8677
