1.8713
1 39.4734 219.287 68.1074 80.012 -54.8134
1 51.4839 86.2062 42.0043 77.9498 -68.9833
1 225.611 73.3004 39.984 75.9886 66.6109
1 260.506 211.072 36.1146 75.6547 -81.9691
1 256.495 54.2697 62.0836 66.0903 -28.8782
1 205.339 177.353 40.0318 81.8905 -27.0671
1 81.4996 51.2239 59.8811 79.9664 6.90225
1 263.73 119.428 45.6108 61.5791 87.1276
1 150.299 50.3557 33.9885 66.0615 -36.3565
1 85.6344 144.288 65.6433 65.8924 78.9398
1 120.453 88.3559 41.963 68.0464 -16.6687
1 149.524 234.986 51.916 74.3699 -85.0812
1 228.392 132.367 32.0692 51.4534 11.7375
1 34.4743 146.323 34.1155 39.8284 -11.0573
1 135.507 172.053 38.1448 71.3799 84.6621
1 232.872 259.469 33.8996 48.7336 -16.9356
1 127.514 229.251 46.0048 50.0931 -31.262
1 258.164 252.38 32.0959 58.2032 -46.8619
1 84.6146 168.315 56.124 73.9755 45.603
1 195.42 197.346 40.0365 58.0048 -21.3168
