1.9297
1 114.379 194.359 42.031 83.9967 -20.4085
1 76.6723 222.385 40.0066 83.7876 20.3683
1 251.488 58.3257 48.1774 55.8258 81.2744
1 166.293 264.427 32.015 94.0565 -9.72166
1 176.506 240.276 69.8717 71.9362 5.30778
1 204.545 167.321 49.7458 90.2806 41.5586
1 155.306 91.1829 37.1195 81.7521 48.4074
1 98.5539 90.2986 63.9217 92.0464 18.7393
1 24.5016 157.16 42.1587 89.7048 -86.2842
1 94.4544 137.207 36.0364 73.8636 -61.1234
1 236.546 120.287 64.1 93.8397 51.6765
1 242.504 194.199 39.7994 58.0254 89.7097
1 24.4693 99.1725 35.9535 51.9998 -44.6665
1 139.507 41.0542 37.66 39.9086 -22.286
1 40.4908 150.035 39.911 74.3961 66.5322
1 220.652 264.359 35.6868 37.639 -22.4077
