1.6575
1 106.451 63.2913 75.8751 104.128 -41.5623
1 246.474 59.272 86.062 93.8561 -57.9557
1 244.423 222.249 57.9982 101.76 -49.2248
1 151.543 186.257 64.0455 95.9241 55.5442
1 172.155 107.486 39.9774 115.263 -11.5614
1 258.449 258.168 32.0167 65.9318 -61.5782
1 28.5483 200.23 47.9572 89.8302 75.4612
1 211.495 129.281 76.0434 81.8064 -6.73762
1 197.481 42.2691 67.9446 73.7946 86.1579
1 119.55 187.372 49.8617 51.7957 -68.7137
1 55.562 69.6176 36.1267 113.57 -82.4532
1 59.4114 156.336 72.0023 110.119 -27.1755
