1.4941
1 128.495 104.121 31.9655 89.6089 -88.7161
1 212.399 254.343 56.1051 67.5216 -37.7671
1 46.5023 72.2391 63.9844 105.885 -75.1203
1 83.4865 167.187 67.8191 114.39 52.1497
1 91.4058 39.3626 44.3025 70.2375 28.8169
1 255.477 216.3 60.2909 65.9043 41.2168
1 203.613 39.2974 32.0585 55.877 56.3524
1 107.562 223.333 46.0088 65.8445 21.1021
1 236.536 112.195 38.0465 114.311 79.9866
1 209.494 207.194 49.9529 75.9234 -89.0237
1 262.826 118.463 47.9678 67.2896 47.3831
1 134.806 160.522 38.0665 51.1463 43.2615
