2.3536
1 33.5673 180.316 56.0427 71.8174 -88.1325
1 190.532 235.229 44.1941 57.8553 79.3777
1 95.0972 145.228 40.0439 68.4015 11.9584
1 32.4219 271.262 33.976 54.0533 -41.8348
1 30.4623 39.4235 32.4061 53.6837 -10.4351
1 231.51 144.165 58.1488 59.7377 -3.25668
1 177.499 35.3026 41.9209 44.0184 -46.53
1 128.663 26.3647 45.8044 74.3523 12.4982
1 63.4874 260.288 50.1542 53.8417 8.96196
1 78.896 212.438 42.1978 75.3066 19.0267
1 49.5007 84.2545 64.0697 67.9291 -12.7066
1 142.486 56.229 40.0586 73.6667 -85.4915
1 153.552 138.213 49.5048 63.7364 3.47691
1 245.53 72.1174 31.9445 58.0659 70.1889
1 175.761 162.389 36.274 55.6411 26.4477
1 222.573 64.8044 33.9893 56.3401 -30.3834
1 27.1763 109.369 31.5279 33.4561 29.2208
1 100.549 173.272 44.2541 51.8156 34.169
1 223.389 123.354 32.2325 47.9618 -10.9592
1 193.078 202.139 38.1158 40.6494 19.4656
