2.1627
1 171.481 96.2983 63.8423 80.0164 -54.9342
1 251.853 120.4 32.327 61.223 19.0164
1 118.527 50.2794 74.1251 77.8611 77.6921
1 78.5735 252.268 56.0592 74.1001 48.791
1 251.315 57.4556 38.6966 50.8553 86.5309
1 68.3367 205.353 75.6922 76.2796 -20.176
1 170.421 183.331 37.9349 80.1158 76.3333
1 71.2486 77.4097 43.9367 75.3521 2.46057
1 238.44 57.3523 55.8787 65.7498 5.38254
1 266.44 264.203 49.9909 78.0509 -50.2043
1 225.537 269.381 41.8334 76.0741 11.358
1 68.5115 137.362 40.0186 61.8112 -2.86938
1 99.6306 121.341 57.9389 61.7151 82.9124
1 35.5179 216.765 43.6696 65.5855 -5.41118
1 158.507 243.077 33.9343 46.2002 87.7519
1 257.797 65.3592 43.8197 69.3904 64.9782
1 221.476 166.919 31.8349 83.5039 -79.4621
1 244.384 232.606 45.4211 46.8887 28.0741
1 208.461 137.239 36.1433 51.837 -77.547
1 181.859 212.429 35.37 37.8522 -35.7708
