1.7497
1 230.457 42.2504 67.764 84.1211 -18.7297
1 173.617 253.468 51.2451 56.3489 -30.2548
1 259.531 180.126 31.9788 85.8742 73.2853
1 200.524 88.2908 79.9311 85.9902 56.4975
1 189.495 156.378 38.2758 61.8967 17.1138
1 88.6146 121.237 46.103 83.9622 30.7444
1 152.443 201.303 58.0708 83.7019 -59.2816
1 243.321 242.384 41.8683 74.3621 -1.77665
1 116.595 33.3782 33.9466 64.1089 10.8877
1 62.8496 100.224 53.6038 60.7183 17.8101
1 203.501 183.185 32.1101 57.5497 86.4768
1 241.481 265.189 35.9504 61.9325 -69.4924
1 251.509 90.2827 44.0899 51.8886 13.5167
1 95.6637 23.3585 32.4635 43.6704 -36.8499
1 87.2475 86.1292 39.4823 46.8055 -24.6827
1 248.592 138.343 46.0491 66.0142 -2.27782
