1.5059
1 85.4767 53.2826 72.0322 87.9106 -24.0309
1 239.481 198.172 44.0942 87.811 -86.1256
1 60.8284 136.444 46.4587 104.39 -18.3345
1 142.514 161.07 35.9757 89.8624 81.473
1 165.504 210.246 72.0606 87.8775 -78.3488
1 139.561 55.2218 45.9614 86.2593 51.4094
1 123.585 226.236 56.1395 91.9851 26.6645
1 208.49 51.2047 62.0671 97.9415 -86.7043
1 218.462 146.352 56.3717 91.8307 46.3538
1 103.475 176.133 37.6243 40.0372 -35.9206
1 248.958 52.5123 32.1605 46.7788 33.4505
1 81.5652 121.435 53.2327 72.8391 -45.6023
