1.8713
1 143.321 104.337 55.8974 80.3875 -57.9179
1 91.4742 39.2849 53.9569 75.8102 -40.1356
1 50.5347 247.073 78.1621 80.4893 -59.629
1 222.865 238.932 54.9948 77.8463 -44.1324
1 110.468 202.216 54.027 81.7291 -44.0843
1 252.78 120.36 46.0059 69.4994 20.9575
1 45.6952 127.424 32.1569 78.191 5.77947
1 127.409 230.243 34.0538 76.2107 -50.7873
1 210.798 88.4054 38.1492 66.3545 -1.79845
1 217.593 51.1723 41.776 82.0447 35.0336
1 40.4435 196.306 31.9274 56.0916 -17.9487
1 42.0922 28.6863 46.6499 64.8836 -2.03483
1 190.54 174.247 40.0952 51.7197 62.519
1 81.6992 105.478 61.7517 62.4434 43.6875
1 35.5051 66.1525 34.0121 38.2204 73.4299
1 251.435 67.1452 36.085 67.4877 -59.969
1 175.445 237.199 40.1329 51.6118 -51.2379
1 89.4127 143.119 36.087 58.0583 -50.3413
1 170.308 277.966 32.9404 66.8867 -23.9735
1 207.236 179.594 35.7362 39.2121 12.1464
