2.0271
1 62.4962 248.265 80.0492 85.9247 -50.2898
1 264.486 125.077 38.0987 71.5684 -70.3536
1 250.519 245.251 77.9006 81.8976 -85.6185
1 115.778 152.242 57.4335 59.9972 57.4973
1 122.514 88.14 35.9707 61.9123 71.5454
1 273.588 180.252 33.9876 56.0662 42.6462
1 221.86 104.426 57.9925 84.7199 4.99248
1 184.523 48.3108 57.8207 74.432 -17.7565
1 88.1382 47.4685 37.6945 87.4028 9.18215
1 190.541 253.293 55.9163 64.0602 28.5559
1 81.6504 91.3761 41.8798 86.1222 31.7606
1 190.683 153.391 54.6584 78.0348 -45.2808
1 100.298 238.639 44.964 54.3149 51.4007
1 271.499 39.2155 40.0629 74.0154 -70.3318
1 74.5308 125.775 35.9679 51.4767 -31.8208
1 70.6802 172.335 43.9156 50.3126 38.163
1 144.467 32.3908 36.2199 58.15 16.9505
1 45.5107 210.227 43.7815 43.9288 75.9527
1 213.415 210.4 63.9151 76.2852 -51.5692
1 244.585 44.2834 37.8799 56.2574 42.2724
