2.5801
1 160.461 38.1268 51.6564 76.0601 -31.0745
1 57.5602 242.278 52.1232 73.9328 70.5487
1 205.342 28.4159 41.9292 72.3863 -2.35246
1 155.252 279.115 30.1768 66.8207 -14.9415
1 261.493 43.309 38.1913 42.0675 27.0506
1 233.53 229.279 66.0734 67.838 64.5515
1 152.454 167.138 63.9464 69.616 35.1506
1 82.5502 107.183 55.9033 63.6879 -89.1577
1 240.5 95.2855 73.7551 73.9186 45.0286
1 170.61 194.293 49.973 69.9925 52.4759
1 251.47 153.236 60.1039 72.0797 -54.9496
1 37.5457 106.306 38.0405 52.0572 32.4288
1 216.549 152.165 47.5992 48.0506 -62.587
1 156.735 102.364 32.0331 55.4527 55.9499
1 219.502 244.273 65.9076 69.874 -85.345
1 130.606 89.2535 31.9988 40.0747 65.0974
1 127.407 187.292 39.9459 43.6604 21.1183
1 164.538 245.9 36.2286 38.8548 -78.6521
1 65.27 147.883 33.6175 60.5846 -63.3955
1 168.547 61.2741 42.2434 61.9807 40.3792
1 116.29 258.49 31.9976 63.4456 -9.78525
