1.5942
1 85.7257 246.436 42.0266 112.172 2.50277
1 148.782 68.4113 46.9197 109.671 -44.0687
1 226.233 215.421 77.9302 112.763 -40.8872
1 203.493 127.25 83.9285 118.105 -78.0664
1 67.5056 129.178 62.0225 115.793 71.6361
1 155.363 265.385 52.0924 100.006 -18.9221
1 153.73 221.387 44.0313 113.996 27.4206
1 125.481 42.2354 54.0296 75.944 -50.8452
1 248.551 38.1275 33.91 47.3512 -43.7307
1 251.678 86.3136 44.0008 92.0206 31.8183
1 39.4607 81.0631 41.9762 102.883 -68.4503
1 34.5132 150.168 32.0655 93.5003 77.9427
