2.429
1 173.51 104.305 59.798 59.8765 17.5384
1 263.465 126.136 40.1007 71.5522 -49.0985
1 112.535 41.2368 54.0013 63.9387 62.133
1 150.51 42.2922 56.0861 60.0065 63.4407
1 49.4298 68.2425 39.9774 53.8672 -45.5861
1 260.347 267.318 39.7289 51.603 -34.2873
1 124.507 238.309 57.874 66.0126 41.8285
1 231.482 177.13 59.8841 70.2066 -85.7227
1 110.467 260.338 32.0862 53.6758 -5.93324
1 248.386 38.1354 25.1025 37.6285 -33.9941
1 222.548 268.305 31.6886 31.887 21.5388
1 53.9794 115.265 25.5845 35.7704 76.8409
1 66.8845 192.548 37.9954 65.4221 -17.8786
1 254.601 46.2475 45.4723 46.0826 -68.6962
1 138.486 155.123 34.0216 70.3579 -65.4422
1 38.4331 120.819 42.0084 55.1094 -21.8879
1 204.51 161.26 45.9316 47.8746 16.511
1 46.5618 174.053 31.9584 51.3672 67.0605
1 277.676 152.396 33.475 35.9374 -69.6771
1 73.0559 111.506 60.8865 63.5904 -84.6051
1 121.527 150.112 44.0278 64.308 63.1916
1 151.414 259.351 33.9555 51.9507 3.98
1 242.493 36.1966 31.9179 46.0026 -8.71898
1 262.556 253.278 35.9527 51.8461 56.4452
