1.4362
1 67.5027 57.3246 62.0225 77.7882 3.91822
1 238.493 178.242 75.9988 91.8291 -88.7884
1 115.582 255.357 46.0547 77.9616 9.70288
1 220.498 66.1198 47.9924 92.0931 -72.9978
1 42.5208 212.258 61.7816 104.009 -64.3305
1 225.547 231.41 42.0825 107.69 3.82383
1 90.5061 116.287 78.1255 93.9892 76.3803
1 38.5327 148.133 40.1315 119.995 72.6604
1 170.886 261.464 38.018 91.2918 23.3299
1 261.715 58.3004 33.9414 99.6944 61.048
1 151.72 219.389 48.0587 68.3901 9.14233
1 247.46 31.734 35.4434 69.5142 38.912
