2.0144
1 87.5444 266.281 44.151 51.7817 33.43
1 41.7734 270.353 34.145 73.8403 39.3292
1 59.4529 218.25 40.0445 51.9854 -48.5794
1 173.466 233.248 46.07 60.117 -41.4076
1 102.553 43.3025 31.7558 44.113 31.5086
1 156.66 138.347 45.994 66.311 44.1334
1 237.573 101.181 31.9796 67.5362 42.4197
1 238.554 236.337 67.8453 70.1175 -52.4526
1 159.567 34.3287 54.2784 57.9587 -20.7811
1 99.4781 160.302 54.0578 63.7773 4.0717
1 256.48 137.303 41.8146 73.9326 -11.9029
1 152.534 71.3011 63.9749 67.963 -57.3146
1 36.5216 174.214 35.5178 35.8427 13.8047
1 58.4645 128.245 39.9211 48.0259 -61.0919
1 144.739 181.562 42.1576 73.3535 -51.2522
1 87.4907 110.292 43.9495 65.8018 4.27399
1 185.165 62.382 46.6904 54.069 36.1775
1 47.9956 80.2909 38.3096 44.8203 15.0524
1 185.983 166.545 34.3707 35.894 -58.0536
1 65.5499 47.3008 37.7739 55.9413 14.7963
1 244.68 178.373 32.0709 68.2325 31.8367
1 255.717 222.304 34.0538 68.5797 39.4817
