1.3148
1 237.996 89.8477 50.0336 110.54 -32.9856
1 66.4784 251.34 63.9299 75.9286 -4.52231
1 188.702 49.4039 33.925 102.146 14.308
1 94.3411 68.3834 66.3676 70.1595 23.7561
1 140.51 187.081 45.8153 58.3444 68.7205
1 220.513 39.2941 68.1103 76.0058 -74.6177
1 39.4647 88.2867 63.9946 69.9773 18.0291
1 187.978 87.4924 34.0291 71.2577 12.7075
1 44.3968 211.734 40.3778 51.8239 10.1606
1 65.5063 119.243 71.9762 86.15 74.9245
1 117.544 160.365 44.2086 63.9343 -20.7182
1 103.343 196.697 35.4168 74.4185 -7.00635
