1.3966
1 128.511 78.2325 94.0957 111.849 -58.8707
1 42.5424 67.2569 61.9755 92.0815 49.4884
1 67.4553 39.2006 46.047 72.0816 -66.7234
1 87.078 147.054 31.7438 87.2017 -17.2151
1 68.5057 202.289 54.0556 57.8842 53.3215
1 108.021 261.83 47.8282 60.5899 -21.7655
1 191.481 154.258 78.0013 95.9733 -50.6204
1 252.523 225.241 39.7452 68.2453 -77.7441
1 252.525 96.1567 49.96 57.9389 65.7939
1 196.053 217.478 56.0939 95.0127 -25.2283
1 118.542 210.155 41.9304 85.9491 54.3272
1 251.558 152.253 49.9707 84.0736 55.3046
