1.888
1 125.474 107.276 98.0802 115.932 -44.1477
1 170.817 37.4351 37.9988 100.348 36.6761
1 208.523 197.276 91.9871 109.962 75.585
1 123.571 258.308 62.0382 72.161 29.8548
1 205.651 151.356 33.8361 71.9186 28.9736
1 161.088 194.404 49.7833 109.201 8.7775
1 254.351 95.3975 49.8618 107.878 -46.5866
1 164.507 268.358 40.0253 77.8391 2.43973
1 107.447 66.143 33.7882 88.0166 -31.1003
1 270.533 50.3189 31.9779 40.0731 21.3684
1 228.399 84.4023 34.0485 79.9855 -7.11899
1 190.458 41.0626 34.0138 69.4895 62.4076
