1.7006
1 250.527 93.2886 76.021 90.0219 41.3911
1 234.37 208.336 52.0051 96.079 -26.0361
1 186.527 152.704 58.5663 90.0014 -3.649
1 36.4962 253.269 67.8967 78.0763 67.346
1 48.5198 200.009 41.8646 65.6274 53.6592
1 140.519 208.24 63.8956 90.1877 75.8887
1 97.5822 98.3416 56.0878 73.7708 30.5711
1 68.5394 256.306 56.1852 81.939 16.9964
1 69.4 132.387 49.6534 53.927 42.4765
1 196.738 245.416 44.0555 75.3883 45.9021
1 34.6283 71.3067 31.9887 56.0304 32.3107
1 155.508 59.2036 45.7794 93.9541 -89.9592
1 58.5622 52.0959 47.5721 50.0481 29.8396
1 165.497 46.0335 56.3846 90.3104 85.788
1 216.42 52.2596 40.4021 63.822 74.0392
1 130.649 154.388 46.1036 73.6363 25.6627
