1.6123
1 266.501 52.2198 52.1284 89.9767 76.3412
1 220.471 205.298 47.9403 58.0997 -18.5943
1 232.444 115.299 74.054 95.8365 -68.812
1 63.5803 219.343 52.1384 93.8415 16.2222
1 169.453 42.3417 34.017 54.027 -22.7143
1 75.5257 206.2 43.9063 91.912 31.5814
1 185.54 223.322 39.7801 81.893 63.8971
1 50.4267 98.2112 51.9715 82.2207 -40.9887
1 45.5793 54.3019 51.9657 57.9948 -31.3972
1 80.7734 70.0535 34.7927 87.5868 -72.68
1 240.522 35.3838 36.1938 90.1067 24.23
1 116.376 98.3281 39.8953 66.0041 -29.7242
1 164.79 182.404 34.8418 41.9272 -69.0666
1 187.488 98.1114 42.0155 72.3001 -60.4547
