2.2349
1 92.4913 162.295 57.7688 57.8005 18.7979
1 83.5321 28.4001 48.7382 71.9549 -15.8181
1 92.5175 89.2267 70.0003 74.1632 63.5789
1 32.5225 211.411 42.1475 57.7615 3.0017
1 135.576 127.302 33.9424 49.8236 64.7914
1 179.606 251.293 54.0101 59.5122 -2.29685
1 246.467 266.301 49.8867 65.9391 -56.6457
1 186.299 51.2921 42.1423 58.2403 -71.1197
1 168.514 73.2767 58.0159 73.9861 21.3165
1 140.936 238.595 36.008 72.6427 -46.0957
1 242.55 121.26 35.9382 57.9128 33.4792
1 256.498 170.264 43.9151 65.9873 -17.9211
1 69.5484 231.381 42.119 51.7397 77.5171
1 268.521 234.265 54.1508 57.8418 66.1454
1 66.4152 160.287 38.0428 58.093 -44.6782
1 194.838 90.4682 39.2741 51.8158 -40.3314
1 223.845 136.457 33.8607 64.8463 27.3399
1 181.775 205.219 48.4629 75.7076 -43.3958
1 67.4313 107.71 38.8166 54.31 18.214
1 42.5023 252.15 32.0722 40.2115 77.9456
1 248.379 66.2608 33.9867 65.9272 -52.1204
1 85.9462 27.1188 38.4285 43.0592 -67.2511
