2.2587
1 111.497 215.105 38.1653 73.4407 -86.0045
1 85.2188 147.4 52.0735 74.5656 -8.00711
1 214.817 265.398 53.991 67.2753 29.8289
1 262.543 37.2402 50.065 67.8665 46.5217
1 33.6188 141.295 38.0294 66.1161 52.2636
1 175.485 154.038 32.0067 66.1571 66.7868
1 152.655 107.392 52.2898 74.1188 -23.475
1 167.565 242.261 50.1064 75.9461 44.3699
1 39.4704 161.337 41.9243 63.8928 -14.3331
1 199.507 96.3159 51.8278 51.8878 -34.4035
1 54.5577 48.18 55.8214 56.1573 -85.4516
1 248.463 75.9822 46.0782 72.6912 56.5543
1 180.561 210.322 44.0865 59.8349 23.2784
1 106.595 51.2754 41.9668 65.9225 43.842
1 216.652 157.186 32.1536 64.0756 62.467
1 49.4571 263.302 37.9875 51.856 -26.3398
1 255.395 152.309 42.1752 46.0305 -67.14
1 94.4446 83.2475 37.7907 49.6471 -87.9009
1 240.538 210.175 39.9947 63.9157 69.9457
1 101.614 241.32 31.9123 49.8285 23.8911
1 47.1743 31.463 19.0874 34.4403 -23.9939
1 225.535 45.3029 39.938 56.2736 37.3962
1 253.499 202.069 36.1597 54.2264 -80.0696
1 46.393 23.2184 30.5368 39.0562 -41.7908
1 62.6346 261.803 34.3998 47.894 -7.8442
