1.8246
1 63.5894 139.346 44.0081 65.9966 21.345
1 107.539 260.302 71.8391 86.0223 19.1545
1 246.518 203.282 62.0106 87.9846 16.9335
1 57.4798 88.2889 46.1665 57.905 -27.4106
1 148.504 125.251 46.0731 62.0808 -58.7574
1 247.493 78.1578 54.1257 81.7688 -63.5694
1 97.2485 33.384 33.9369 72.3686 -45.5902
1 97.518 145.151 34.1955 73.5418 86.008
1 47.4938 57.2855 55.9312 64.0317 -36.8558
1 81.7393 237.264 59.8707 86.31 31.1557
1 184.562 195.138 32.1408 93.6757 67.2294
1 265.555 260.243 42.0164 55.8299 46.2215
1 118.7 93.3766 34.0228 62.5895 51.6963
1 260.42 107.294 62.3246 79.8152 79.2796
1 219.257 126.37 50.1482 59.2679 -50.1806
1 209.499 233.35 45.9288 75.7098 -1.54815
