1.713
1 201.504 245.272 82.0625 97.9193 23.7329
1 137.493 57.2728 49.8136 61.8122 -89.3406
1 47.481 132.312 70.0365 83.9744 -27.784
1 168.6 120.29 51.8083 66.1646 52.2692
1 238.669 50.48 61.6793 73.6318 -88.6852
1 47.4854 81.2798 78.0711 96.0306 57.1752
1 89.498 202.224 36.0609 49.7156 -83.1641
1 246.497 199.174 57.9364 75.7437 -63.8432
1 130.495 181.98 53.8691 71.6362 -54.436
1 133.752 213.687 35.8935 92.4039 85.8303
1 261.583 260.199 36.0183 84.4709 45.2756
1 216.527 33.3879 39.9312 89.9444 1.21799
1 218.51 115.051 33.9789 49.5436 -74.6886
1 209.542 190.99 31.9835 39.6251 68.4677
1 209.43 146.738 32.1458 49.0634 54.4549
1 113.052 47.4944 35.5114 40.0274 -64.9314
