1.8154
1 125.531 57.2655 84.0271 95.9775 62.4483
1 90.5822 224.323 43.9988 71.9835 25.8782
1 172.749 267.469 39.9394 97.5806 2.18565
1 251.187 249.479 60.1433 65.0573 -50.1861
1 229.481 59.3586 44.0366 71.9353 -2.9617
1 35.4636 122.296 53.903 66.0934 -19.8762
1 171.478 171.2 53.937 90.017 -80.3723
1 89.683 133.334 66.0167 83.7883 41.4457
1 271.768 227.449 35.9401 96.138 -70.2122
1 196.462 186.296 61.9891 67.9096 -40.5274
1 78.5614 163.282 51.9914 67.8651 50.3548
1 61.3273 241.434 43.7334 53.7176 13.4577
1 160.447 32.4033 32.0367 61.8584 -7.87268
1 199.503 107.261 48.1168 63.8726 84.3185
1 163.469 243.623 35.8611 52.7609 72.7528
