2.0689
1 177.297 99.5018 66.1908 78.1654 53.2776
1 195.705 169.402 75.8487 77.5996 67.2506
1 40.5303 258.222 50.0369 72.196 64.3512
1 31.5485 83.2726 39.9597 73.9654 48.3472
1 127.401 186.298 50.1675 79.5988 -55.8556
1 231.489 240.286 47.9749 56.0449 -37.7826
1 51.7589 179.471 70.8983 71.8195 -49.6531
1 138.539 103.2 38.0774 75.6741 73.7612
1 76.5783 246.181 35.8427 79.9258 50.6506
1 272.527 133.168 38.1357 63.8955 73.7843
1 83.2778 57.4101 33.909 80.2843 -27.2009
1 250.469 192.198 37.8817 46.1087 -43.4151
1 251.507 122.107 34.0932 48.274 -54.6345
1 55.4742 50.8676 38.0201 81.2005 77.0353
1 270.983 228.857 37.8374 48.3738 39.9983
1 142.71 255.385 32.0708 39.1858 8.76283
1 264.608 65.3391 34.079 51.745 21.7242
1 243.606 76.3643 49.9704 52.4256 49.9464
1 148.089 229.834 40.483 45.2423 -21.2607
