2.2237
1 42.4929 70.2944 59.7568 59.8372 -8.29883
1 81.4268 64.2299 50.1235 84.1522 -59.2251
1 246.377 72.2943 51.9093 84.0977 -26.7449
1 159.496 49.2763 44.1816 48.0064 -22.2832
1 81.5343 159.184 46.0802 55.9124 72.2587
1 249.492 243.252 57.831 70.1762 -68.3358
1 70.444 215.305 68.019 73.84 -24.5111
1 253.576 128.18 53.9755 72.0584 51.8355
1 99.5302 230.355 48.1388 73.8648 9.45819
1 154.6 210.254 37.9474 77.9317 53.1845
1 191.245 40.4166 31.9768 81.7162 -23.3269
1 189.94 110.456 38.1166 82.4055 35.5486
1 140.413 162.689 50.1495 72.6877 78.6797
1 220.484 241.162 54.1279 78.2156 -45.8959
1 76.5327 103.108 40.1406 60.2324 50.1295
1 137.155 267.454 34.0536 78.7079 -15.0968
1 194.534 128.385 44.0746 85.8462 5.26964
1 176.081 193.549 40.0302 76.3943 26.6729
1 155.53 277.263 37.9196 40.1122 44.7621
1 213.478 69.4584 39.4166 41.608 70.8187
