2.2963
1 82.5342 147.247 49.894 56.1211 62.871
1 271.506 158.988 36.7796 76.224 -54.1607
1 39.3921 163.3 53.9582 65.8016 -81.1916
1 223.368 269.281 31.9697 68.0577 -40.6081
1 150.504 155.294 52.3006 55.9088 -67.9622
1 189.559 182.348 43.9734 61.8326 -14.8981
1 135.525 269.272 47.9615 57.9588 53.9802
1 45.7682 93.6372 46.9356 60.0877 -64.4617
1 182.449 241.34 52.0182 76.1261 -12.2713
1 221.54 82.2899 38.2057 41.9902 64.9165
1 72.5172 231.994 59.3934 64.0025 21.2264
1 145.509 219.379 35.8931 67.7106 -1.15048
1 179.501 67.3215 58.1533 66.0496 -36.2387
1 37.4024 251.368 36.0109 65.9844 -16.2414
1 268.487 102.22 46.0373 63.9594 -76.4393
1 75.4168 68.3631 42.1109 60.1964 16.975
1 83.6864 275.059 31.3964 36.6917 -11.0112
1 260.4 256.266 32.0865 53.9482 -46.8696
1 39.4892 44.0794 32.0529 49.4732 -85.8305
1 135.666 170.37 33.9937 58.2406 18.0368
1 236.588 128.907 50.7801 68.0042 2.87993
1 253.838 219.491 31.7465 41.3423 -11.5904
1 181.069 102.432 42.9144 56.1104 52.8828
1 241.695 210.216 34.0313 38.2369 -19.444
