1.7883
1 54.4743 173.165 38.0972 75.7731 -81.6477
1 89.6196 45.3604 62.0844 66.2629 59.8842
1 92.3692 207.324 37.9336 81.8876 -36.372
1 183.636 46.2541 35.861 81.7172 -88.7792
1 188.621 161.275 44.0178 72.2532 43.3355
1 42.3969 221.344 50.0684 63.5808 6.5933
1 120.506 105.137 54.0441 78.193 -79.8321
1 236.486 79.351 47.7881 84.1009 0.184379
1 182.503 209.05 35.9778 84.4166 58.9613
1 269.454 157.311 36.2779 41.8534 79.1788
1 87.4813 107.225 49.9692 64.1447 -51.8124
1 262.682 108.366 40.1642 55.6402 38.5488
1 255.536 239.236 36.0473 74.2239 56.5705
1 156.505 199.194 48.0824 49.7485 -4.72793
1 209.545 100.326 32.0561 47.9042 11.4281
1 238.375 264.329 34.0657 35.6601 -41.804
1 180.513 271.292 42.1012 43.6752 -82.3516
1 143.24 60.6102 35.1956 51.428 7.27451
1 241.231 184.189 45.5709 49.6051 -34.599
1 174.954 268.689 24.9238 42.5297 -65.5474
