2.2509
1 37.5131 146.323 58.0069 71.9092 54.1142
1 47.582 263.27 38.0009 65.9868 52.5814
1 170.645 76.322 36.0362 65.9511 33.8485
1 239.263 244.437 38.328 66.2672 6.3418
1 207.462 266.22 54.1108 56.0276 -73.4172
1 58.5337 54.2526 74.034 76.0646 -27.3615
1 100.543 77.4059 44.706 57.0519 -72.9028
1 121.408 245.348 63.828 65.9633 59.1978
1 137.548 136.237 54.14 75.9645 59.0172
1 113.558 25.3602 34.0078 60.1855 15.0905
1 161.219 33.3312 48.0466 56.5283 -51.1021
1 168.533 225.138 72.9507 73.9546 -25.7947
1 76.151 198.793 54.7838 82.9521 -44.2894
1 146.315 271.333 34.0443 71.8229 -38.6254
1 250.187 118.488 33.176 42.4193 -42.6573
1 33.2346 241.349 42.0629 61.5714 -40.3603
1 229.524 158.184 48.2231 54.1055 23.5669
1 218.897 109.503 32.493 42.4345 -5.26781
1 75.2772 144.373 31.5892 32.4344 -20.6707
1 114.439 150.806 33.9404 53.0372 74.9375
1 149.592 170.261 37.7613 54.5945 -45.0992
