2.1399
1 32.5393 267.261 60.0937 62.044 -51.879
1 37.5023 108.243 42.1673 61.9736 -71.0606
1 264.501 151.297 44.0138 47.8624 9.65343
1 219.418 175.342 54.0258 65.7583 -47.5712
1 50.318 178.419 34.0645 67.6067 -3.73573
1 218.44 126.857 36.1191 73.1374 65.5172
1 148.536 229.824 53.8058 73.3009 56.9009
1 165.547 267.327 36.0449 45.8994 15.3226
1 173.739 147.26 44.9041 55.8489 -76.7816
1 73.7414 147.463 44.1751 65.1885 43.2331
1 189.492 33.2467 34.0646 35.867 -20.0371
1 106.45 92.8746 38.0623 58.7187 63.7157
1 160.401 62.3434 51.901 65.7649 -44.5477
1 69.5106 222.406 36.1017 72.1546 -12.1584
1 132.583 144.336 38.2372 40.0096 -47.6033
1 234.261 67.361 31.9647 75.6782 -28.3946
1 263.337 226.405 39.9821 48.3877 -17.4937
1 104.491 251.312 51.7212 58.1146 46.7727
1 263.605 69.9331 37.9073 61.5402 30.5653
1 164.446 171.245 43.794 45.94 82.7405
1 235.533 246.737 32.068 48.929 75.8823
1 77.6366 70.2894 33.8686 36.0083 1.94036
1 232.476 223.336 38.1742 40.1229 -14.0733
