2.234
1 141.551 139.34 50.1811 61.9014 15.7441
1 27.5111 138.218 40.0116 64.0441 -78.4669
1 218.031 48.5984 44.322 62.4032 -57.1606
1 147.499 78.3135 65.8803 70.1034 -36.2223
1 237.503 210.269 46.1401 47.994 41.2356
1 107.502 39.3355 48.114 49.7397 -71.5561
1 31.5059 78.2456 32.2015 41.8482 -58.9986
1 66.6767 228.395 45.839 65.6554 -2.54947
1 272.8 273.919 37.9022 44.5566 -18.4639
1 128.501 236.283 41.8201 51.8015 3.0107
1 271.556 80.8473 37.9626 50.9313 -71.2526
1 178.52 29.8396 51.2222 56.0648 13.4668
1 237.499 101.291 46.011 49.7776 10.3812
1 232.971 241.477 39.8949 73.0979 24.5168
1 28.376 216.356 38.1991 49.5863 -25.3922
1 69.5731 104.35 47.897 59.6558 -5.40948
1 263.667 112.354 47.6847 50.0656 -39.3186
1 57.5969 194.58 41.3082 43.0648 -29.3228
1 148.54 239.259 36.0216 43.8744 55.7838
1 68.5859 75.2144 32.0174 68.0294 54.4524
1 277.699 240.845 31.8376 36.9655 -41.2566
1 148.513 194.308 32.1382 35.776 -18.8736
1 174.492 199.352 32.8836 37.5633 -44.7701
