1.5609
1 157.455 126.196 52.0073 91.8901 -64.5132
1 168.626 188.316 76.0484 117.817 51.6274
1 71.5402 36.298 41.9248 52.121 33.3453
1 232.645 250.038 41.8295 91.8328 -26.6385
1 114.405 99.2206 31.9284 81.6081 -32.4743
1 71.5321 113.186 83.9792 109.971 87.7554
1 117.517 223.213 56.1708 75.7381 82.4453
1 271.533 177.221 44.0533 98.1027 75.484
1 138.785 270.661 33.6439 41.4248 13.3503
1 85.3934 151.548 69.2718 75.2817 34.9898
1 242.488 141.287 54.0903 56.0679 -51.0878
1 259.506 243.13 44.1812 50.0018 -40.4816
