1.7007
1 267.709 132.842 48.9023 106.75 78.1896
1 54.4996 78.1277 50.1436 89.5157 -84.7435
1 154.538 91.2511 42.0689 65.9779 59.9561
1 254.679 256.342 54.1218 79.5775 44.2673
1 88.868 233.851 62.2508 78.2668 -30.3404
1 95.6225 122.458 33.9746 87.5148 -6.19736
1 202.538 248.206 56.1058 74.1995 80.4744
1 241.46 133.291 62.1138 76.0259 -22.3476
1 123.488 81.2582 70.1386 71.8965 -64.3246
1 86.5353 179.169 33.9728 53.6288 48.5811
1 150.532 163.196 35.97 79.9305 88.7978
1 236.633 215.85 49.4307 72.7361 89.7988
1 150.505 192.318 49.9524 67.8289 -2.76161
1 58.9485 222.341 34.3094 38.7956 -14.1568
