1.8373
1 216.466 117.294 82.0229 83.7846 -15.3416
1 171.518 250.239 70.0363 82.0362 72.9907
1 40.5261 84.2424 66.0511 79.9333 -65.341
1 271.506 172.13 45.8301 69.7954 89.8789
1 244.464 220.294 64.0122 70.0639 -60.5697
1 47.4904 139.358 37.618 50.2677 -33.4334
1 104.512 118.276 54.0337 60.0206 -25.673
1 227.497 179.429 34.0691 85.4525 6.38098
1 269.521 106.215 55.9863 63.6933 88.0707
1 74.5432 217.352 63.9148 67.8068 46.7638
1 189.479 65.9362 50.0383 67.0616 87.5792
1 115.342 187.418 39.8556 52.5591 -19.1537
1 97.633 76.7586 49.735 61.0302 -51.194
1 31.4673 263.343 32.0567 51.9322 -7.40278
1 164.392 81.271 31.9273 63.842 -50.2206
1 79.9165 176.36 35.8456 60.7832 5.72927
1 26.5002 275.303 38.0333 43.9507 -19.6115
1 34.5103 145.306 34.0595 35.9194 -58.5661
