2.4829
1 91.5418 266.278 51.9663 72.0466 45.422
1 174.494 153.274 86.0763 96.0472 -73.2321
1 167.485 57.2465 66.0591 67.9921 -49.1006
1 65.3644 35.2923 37.9926 74.1332 -37.6476
1 212.529 105.267 59.9799 69.9338 55.1337
1 204.966 270.399 45.8918 83.1333 -9.60775
1 90.5045 137.236 52.0251 61.7434 84.8065
1 78.5558 58.223 38.0978 75.72 77.9892
1 248.514 191.27 46.0834 49.9458 12.941
1 119.607 268.314 40.0913 61.9452 32.8135
1 36.5361 86.1957 48.0036 66.1945 71.4774
1 233.617 220.275 50.0053 85.9189 40.8278
1 92.4803 227.809 36.1924 42.8415 73.4118
1 67.7861 168.291 35.4232 49.8436 -36.4646
1 56.5282 139.296 44.261 67.4511 -1.75616
1 154.943 107.454 32.7208 52.6905 -6.99285
