2.2411
1 32.4439 232.257 48.0546 66.0443 -53.7268
1 73.4248 260.275 44.0458 68.0839 -42.7663
1 127.491 36.3005 43.8579 59.8437 -1.70451
1 137.457 182.069 63.8324 69.5943 35.4357
1 235.586 188.304 56.0766 62.0752 -5.86679
1 37.5676 59.2513 35.9822 53.955 53.3213
1 73.5349 59.3168 47.9575 66.0106 13.9887
1 97.488 109.316 45.8452 60.1357 -16.8057
1 193.544 271.334 33.8274 45.9936 31.5598
1 48.5171 179.235 53.8704 66.1937 -14.5923
1 261.417 30.2798 47.5793 47.9975 -17.6364
1 273.244 73.3767 26.541 42.2809 59.5077
1 126.525 239.224 50.1074 64.0691 45.8551
1 159.217 107.409 50.2833 59.1414 -12.6796
1 78.5475 191.182 34.0613 61.9331 65.6893
1 173.511 43.2506 50.1259 53.7954 -46.657
1 257.728 210.481 33.8846 55.3413 80.7811
1 187.741 227.461 36.033 68.1742 46.6949
1 230.667 120.229 44.1453 45.9464 78.5575
1 197.582 96.2956 47.8599 61.837 71.0938
1 174.466 130.204 31.939 45.9546 -53.1581
1 74.4903 110.065 38.0509 52.2286 64.1983
