1.3233
1 251.376 79.294 44.0519 99.8427 -43.5709
1 242.48 227.314 74.0422 85.9593 -16.7616
1 40.4931 53.1125 34.1307 81.4951 -86.916
1 125.313 121.359 42.8319 96.1102 85.1415
1 132.029 221.746 44.0792 56.3361 -62.3899
1 75.4615 128.243 55.8238 70.1223 -36.9645
1 205.42 110.377 69.6005 70.0448 49.4264
1 63.4362 184.205 31.9118 64.3792 -48.8448
1 96.7708 43.4335 53.8858 98.4707 14.4206
1 211.483 267.822 36.9287 54.338 27.8689
1 177.414 88.9739 31.5961 39.6568 37.0055
1 100.618 203.369 46.5048 52.0008 -68.3956
