2.2458
1 250.529 48.312 48.0025 62.0119 16.3364
1 46.4917 271.264 46.2089 53.7599 81.1084
1 52.5898 79.3872 50.0365 66.1754 -15.9615
1 47.4847 250.329 52.0767 69.8264 -22.0627
1 247.518 139.311 40.1187 47.9588 18.9194
1 249.463 219.323 55.7903 56.0263 -18.1682
1 143.503 162.294 72.0405 73.924 60.2523
1 197.926 224.195 61.1645 63.9287 -41.5232
1 102.183 268.663 31.539 55.499 -29.8854
1 202.526 47.222 52.0137 76.1631 77.4936
1 263.484 164.252 45.9895 50.1508 -52.2245
1 80.5439 126.204 58.2388 69.9637 11.4281
1 27.5616 178.23 42.1538 55.558 83.9806
1 122.353 226.374 43.9554 83.9482 -22.4003
1 171.486 95.3072 51.7643 51.9019 5.17257
1 36.7097 186.595 23.6412 30.2376 -76.3354
1 101.555 212.29 38.115 63.8964 41.9914
1 101.573 98.3278 38.1716 43.9059 22.1433
1 199.478 203.29 52.0006 53.9525 -60.968
1 50.3629 195.796 34.2671 56.6566 37.1992
