2.9391
1 185.505 107.301 80.021 84.006 34.9517
1 161.645 42.3405 37.9408 65.9431 33.185
1 235.54 236.238 56.0826 73.9156 66.3626
1 203.515 232.213 35.7642 49.9513 -89.9272
1 44.4848 207.145 76.3336 79.7276 11.5469
1 118.741 89.4636 49.3057 83.8147 -79.4765
1 110.871 34.4264 58.3187 62.6384 57.4434
1 41.7112 151.385 42.3526 64.48 -48.9201
1 232.25 54.5581 41.9851 63.8003 14.1702
1 125.552 190.245 49.9024 71.8301 61.2863
1 48.4614 35.2746 46.2494 49.691 63.0809
1 262.378 171.366 33.9907 72.0176 -25.4207
1 83.5417 150.268 34.1441 41.9573 73.5621
1 245.294 160.368 60.0808 78.2631 2.08922
1 149.617 201.311 38.0398 61.9192 35.9797
1 257.925 69.8356 49.5331 58.607 87.2714
1 276.425 44.325 33.99 45.9224 -30.2971
1 36.5927 46.319 31.9709 44.0865 28.892
1 90.9086 220.483 34.0902 50.8866 21.9555
