1.6083
1 111.454 243.188 54.0682 108.154 -64.659
1 202.593 167.251 56.0645 99.9726 47.9542
1 80.4663 180.313 116.085 117.885 -33.6909
1 106.058 30.2119 39.7804 51.4993 -18.2991
1 230.488 149.236 58.1652 77.8223 -83.3339
1 227.51 257.21 59.966 80.3134 -56.6527
1 190.331 239.389 35.8969 105.062 -19.5477
1 126.329 121.378 46.0092 98.2045 -16.9288
1 60.6434 54.294 40.0421 74.1966 26.2152
1 45.1317 47.4396 37.8505 61.4939 10.8512
1 258.4 232.749 33.6499 53.5383 -26.7382
1 216.472 238.02 17.546 50.4202 -41.7545
1 134.999 63.1482 37.4221 65.9375 -81.1588
