1.8831
1 215.505 215.292 79.8869 79.9046 -44.0771
1 155.467 73.0442 109.149 109.93 -7.16125
1 215.543 243.255 80.0477 109.898 67.5298
1 166.496 102.266 90.1341 117.893 -83.355
1 258.506 141.138 36.1478 71.7816 84.4322
1 91.6151 141.273 66.0389 74.2903 19.4307
1 81.0905 214.395 72.0384 91.1386 -14.2691
1 84.554 264.127 62.4083 65.6888 9.03093
1 119.488 247.745 34.1592 99.6827 -35.567
1 44.8953 170.527 38.0051 60.4319 -19.7321
1 50.9015 227.819 22.006 40.264 58.4134
1 242.711 81.3207 31.9319 97.9194 41.6093
1 40.1648 233.478 45.116 48.0872 47.4948
