2.047
1 213.85 194.464 80.7677 81.9996 -60.8003
1 178.46 139.249 47.9334 78.0242 -58.9829
1 95.482 162.248 62.0863 71.9064 83.534
1 154.451 218.264 81.818 86.0177 -38.6876
1 205.49 67.0838 38.0485 62.0709 -71.0145
1 168.488 249.117 44.0273 93.9311 -78.2412
1 49.5525 156.176 42.0037 87.9249 81.5182
1 61.2606 201.431 58.0894 89.44 -15.0043
1 247.526 120.106 68.5304 69.6816 16.912
1 66.5493 49.1373 34.0774 90.1452 65.0034
1 160.194 78.6627 33.7442 60.4078 54.7885
1 90.5951 34.273 32.1032 67.8885 46.7469
1 220.502 65.2633 47.9859 52.008 -57.8155
1 93.4942 78.2058 43.9915 79.8124 -88.1503
1 135.633 82.3258 37.6241 41.8714 -85.8155
