1.6566
1 225.413 159.265 43.9493 93.8146 -58.5444
1 65.5982 163.358 41.93 72.1584 11.0035
1 54.5067 253.164 37.9755 79.8115 -88.0535
1 158.464 185.248 61.9402 76.0003 -61.0353
1 112.523 226.199 54.0964 85.8047 83.9399
1 215.888 126.405 32.3309 46.1654 -9.99226
1 220.403 45.3829 49.9932 88.0596 -18.5482
1 179.631 37.3074 53.7721 54.3114 15.7775
1 79.4187 64.3774 42.1424 91.9354 -37.2398
1 100.523 87.2634 50.0777 76.0713 62.3347
1 54.6995 99.0874 38.3934 53.9561 41.0842
1 133.537 247.254 50.1148 66.0701 51.6893
1 256.274 117.446 41.927 44.3801 -57.6317
1 124.463 153.266 54.2 57.8447 -69.4935
1 39.5278 221.294 53.9049 54.0143 -3.97152
1 196.465 77.3154 33.741 96.1299 -47.8846
