1.9711
1 155.459 209.75 34.0848 73.1141 -67.6345
1 99.5488 126.301 48 62.0161 22.3013
1 44.4781 213.28 45.9483 66.0982 -18.1727
1 265.534 184.305 45.8771 52.1067 30.8286
1 28.8187 119.926 34.1767 55.0702 -24.9318
1 213.358 66.367 60.5531 71.8911 79.8661
1 67.4595 264.317 39.9234 52.0779 -28.9626
1 239.469 145.332 60.014 70.1299 -18.1653
1 185.516 109.291 43.8822 47.8601 -3.95867
1 191.5 248.298 31.8787 38.2229 -26.457
1 22.4186 43.8469 38.0946 54.9596 74.785
1 197.58 185.255 47.8596 64.1148 60.8135
1 150.546 175.112 39.5871 44.0858 14.8663
1 148.498 263.039 40.7308 65.9029 11.7947
1 59.5011 181.318 36.0534 47.5068 -84.5651
1 173.45 31.2244 34.0798 47.4616 80.9114
1 28.3149 75.2418 46.2806 57.5526 -41.1062
1 94.5613 275.222 42.0737 53.9156 28.1893
1 46.317 52.4732 41.4327 55.6455 27.7094
1 135.502 50.1834 35.7083 49.7886 -6.17713
1 128.489 86.1287 46.1217 50.1223 -71.2867
1 73.5269 213.984 37.8076 51.9706 89.1938
