1.7367
1 243.494 109.269 65.7878 65.8935 -9.09438
1 183.492 91.1755 47.908 61.873 87.7287
1 171.463 34.2562 50.01 68.0802 -55.8607
1 150.489 192.279 61.8841 65.8966 6.22833
1 106.587 106.305 48.0005 92.1335 36.1635
1 220.449 142.326 50.0528 90.061 -31.6956
1 186.418 254.184 35.9111 87.8757 -56.1282
1 30.6498 115.215 37.8781 40.5116 -38.9497
1 233.506 246.228 56.1547 63.9808 -75.6096
1 70.6505 44.2832 31.944 76.147 45.8493
1 123.509 245.301 74.1789 89.8969 -22.5996
1 38.3604 53.3989 46.0698 47.4464 -72.9397
1 94.4767 223.279 55.9171 60.1426 -35.5518
1 269.575 151.318 41.7245 43.9332 -29.0672
1 80.7802 105.448 61.1547 64.0273 -62.5657
