2.1344
1 61.5358 116.261 58.0648 59.9921 57.047
1 43.5887 41.3064 38.1243 45.9917 -10.0244
1 71.4221 264.266 34.0472 62.0115 -51.5634
1 213.756 63.3549 52.1741 66.4452 57.2383
1 215.463 218.325 50.0522 66.219 -36.4846
1 254.506 242.228 32.0643 42.097 71.7647
1 183.55 111.309 50.0885 66.0041 21.2746
1 157.574 146.288 33.9407 52.1317 -1.78337
1 96.1488 88.4686 43.9748 68.7121 -31.4237
1 116.503 267.03 42.0476 50.5219 54.25
1 209.529 141.219 47.9946 75.9456 57.896
1 197.499 250.248 54.0133 59.7275 0.0898821
1 111.623 168.249 43.2408 63.235 42.0152
1 113.457 237.294 44.1438 49.9913 -68.5905
1 248.534 48.2257 45.625 45.8041 -1.70708
1 42.5197 212.152 34.2621 49.609 81.823
1 103.13 33.5113 34.2223 44.7279 -12.0713
1 173.468 230.286 42.1455 47.8427 -70.8727
1 237.829 85.5075 43.184 45.908 -42.0415
1 84.5103 179.207 67.9688 74.1675 59.4065
1 100.074 120.488 39.9471 54.8592 -24.3666
1 227.87 80.1481 22.9933 33.2333 -57.0955
