2.0386
1 249.484 150.215 64.0406 75.865 0.938568
1 32.6304 121.312 48.0776 64.1349 36.7832
1 194.503 89.1832 45.9654 75.9405 73.7776
1 179.459 178.313 42.0817 56.0537 -15.8892
1 221.655 31.0158 34.1151 72.9716 -42.9225
1 238.549 91.265 55.9005 70.1161 32.5641
1 151.315 198.455 53.1907 54.1077 46.855
1 219.526 209.244 35.9324 46.0713 57.847
1 259.506 223.25 36.063 47.8637 84.3666
1 25.5855 277.289 31.8569 46.0115 19.7451
1 238.557 275.261 38.1882 40.0377 53.9886
1 76.6389 64.2217 46.2126 69.9615 64.3717
1 68.4802 172.328 38.0569 50.1285 -22.2414
1 123.439 78.2635 61.8478 72.0751 -50.366
1 95.2629 258.394 38.4914 50.0537 26.4587
1 122.197 137.267 42.6974 50.0898 54.8966
1 111.521 42.2029 33.8583 54.2061 75.393
1 104.473 176.295 44.1181 47.775 -71.2382
1 175.793 33.8683 35.1052 74.6979 8.31588
1 29.5005 241.159 39.6308 47.9607 4.014
1 227.609 254.251 44.3107 61.7149 20.8644
1 45.4105 239.307 33.9959 49.8097 -34.5765
