2.8027
1 237.515 147.279 58.0042 62.0381 51.5596
1 24.5422 83.1407 34.1311 55.7076 -86.1522
1 114.429 131.289 54.1419 73.7829 -29.6397
1 66.705 61.3359 51.2767 58.0682 -59.5413
1 200.465 219.311 67.8138 67.956 -19.5126
1 79.5015 245.161 41.8711 45.876 -11.5045
1 269.475 236.208 40.1723 56.0102 -78.4878
1 159.394 240.354 35.9902 64.1852 -21.1045
1 249.517 249.292 35.7216 35.791 18.0973
1 80.5387 34.2821 57.9691 60.0172 -45.2515
1 113.568 207.223 34.0685 69.7501 76.8548
1 33.5724 29.3095 35.8686 54.381 55.2232
1 241.684 88.0729 29.9647 39.4108 1.89264
1 142.492 87.2086 53.9729 55.9441 43.8494
1 103.638 191.134 36.2555 59.8106 57.5613
1 174.305 183.344 54.0599 71.6537 -49.904
1 242.553 80.137 49.7004 63.4573 -71.7328
1 47.9559 256.501 34.073 50.6571 46.6188
1 230.952 171.477 31.9938 71.1659 35.7279
1 185.51 29.2612 45.6926 45.8316 -30.4328
1 170.488 39.2793 39.8966 46.033 -32.4737
1 167.5 120.273 61.9658 66.0425 -31.889
