1.8675
1 58.1478 268.441 42.0644 74.8484 4.6964
1 189.514 130.237 36.2767 53.8352 -79.9999
1 58.4907 84.0539 31.9894 68.3308 -60.9053
1 259.587 32.2928 43.9464 78.0698 31.5022
1 119.988 261.797 49.5193 62.6357 -3.27529
1 99.5019 223.061 37.8019 75.6659 -37.2212
1 207.826 262.39 30.3695 57.0404 -27.0533
1 184.554 31.2825 47.8996 63.9831 48.6266
1 235.453 154.287 63.9473 78.0575 -43.409
1 175.523 238.224 48.0794 65.7786 -86.3363
1 21.7949 213.091 33.197 35.3993 85.7113
1 206.447 60.2013 42.0096 78.0752 -47.2468
1 54.1044 41.5791 31.8557 65.5806 26.7019
1 224.515 196.291 68.0297 71.8301 -77.0488
1 84.4794 140.166 34.215 75.7957 -84.8944
1 104.908 158.544 37.934 65.5376 -21.7956
1 115.592 56.3083 35.8698 38.0023 -27.2891
1 64.3813 186.273 43.9957 73.9645 -53.9498
