1.6669
1 230.505 228.302 112.047 115.877 8.8566
1 36.481 245.223 63.9665 87.9276 -68.4638
1 225.505 67.2558 101.979 109.955 11.649
1 57.5515 215.226 60.0734 111.844 61.0512
1 111.518 173.229 36.1258 112.051 56.3603
1 110.44 113.297 71.8932 96.0783 -33.7866
1 190.53 112.266 65.9637 82.0416 -71.6888
1 77.5134 48.1007 73.5617 115.747 -28.6408
1 55.4967 115.028 35.8588 66.1731 89.1952
1 249.432 128.927 32.0405 88.5993 60.5642
1 161.723 42.9372 59.1371 66.8275 55.3938
1 186.61 272.357 37.9742 41.8695 34.4001
