1.9746
1 50.4736 31.2951 41.9614 70.1676 -39.5053
1 35.5018 74.2704 54.0918 57.8982 -70.0891
1 90.6082 102.28 64.078 66.004 62.3363
1 130.92 252.43 42.1141 76.538 38.3684
1 129.348 113.38 31.8858 51.9335 -22.2102
1 259.509 31.933 55.4892 57.8206 24.6115
1 220.5 111.78 55.7991 56.9042 46.5951
1 201.475 255.308 60.0669 82.0724 -25.6088
1 160.58 220.664 33.9984 64.6389 -73.4861
1 242.324 159.311 65.7876 66.3558 -12.9929
1 44.533 179.292 54.0357 69.8254 57.241
1 119.555 46.2073 32.0565 65.9222 52.3147
1 231.525 217.309 38.1839 45.7855 9.76528
1 35.5852 149.244 39.9829 67.899 65.2257
1 84.173 163.391 57.9643 62.9612 -22.8689
1 217.473 178.398 33.9343 72.2154 -9.23342
1 195.527 145.312 36.139 54.1921 -18.4675
1 96.4822 35.0779 36.0622 40.4428 73.4943
1 266.465 66.3124 32 37.9369 6.05128
1 145.325 209.305 33.4863 41.6451 36.7853
