2.161
1 255.405 154.348 57.9364 62.4438 -23.8884
1 265.392 263.399 36.2336 68.1918 -33.4052
1 141.519 101.186 43.9577 58.0496 74.0185
1 188.454 149.208 35.9518 66.1038 -56.3126
1 59.4664 60.1852 46.0513 72.024 -66.8764
1 59.5341 157.333 45.9958 69.9188 11.1564
1 174.989 274.761 44.4618 60.0451 -11.8973
1 112.545 259.181 32.1082 76.0342 78.4943
1 187.448 40.3172 51.9503 68.0738 2.17675
1 73.3972 91.2449 33.9862 74.0395 -53.8032
1 254.488 182.282 59.8856 74.0563 -54.3355
1 54.597 232.354 42.0712 73.9304 28.5228
1 57.6294 247.314 39.9416 65.9183 31.2038
1 124.502 105.189 41.8599 54.0307 -86.9351
1 162.469 170.281 36.1232 43.8587 -71.8505
1 80.8773 167.617 34.1905 54.7234 0.492267
1 176.235 63.5392 45.9031 51.2343 -73.6204
1 113.6 224.918 34.8119 35.831 13.2007
1 37.5186 92.2231 36.135 51.7928 -83.2552
1 196.439 226.264 51.9624 64.1675 -41.5516
1 153.419 253.809 34.4864 47.9368 10.9526
1 233.747 247.734 27.4702 33.0405 -19.0202
1 221.834 180.921 38.7183 50.6734 9.60115
