2.2464
1 151.492 179.12 52.0392 81.845 -68.1738
1 122.558 109.329 50.0384 68.0091 20.3522
1 32.5124 87.1836 38.0243 73.8823 -87.9231
1 167.544 92.3121 82.0634 83.8501 -12.124
1 194.534 33.2662 36.151 44.0946 21.4321
1 251.446 81.2941 69.8735 71.9202 54.5755
1 88.4796 262.009 60.486 70.0755 29.0967
1 226.504 200.302 63.9587 76.0712 -17.7437
1 96.5351 184.287 34.0541 45.8774 58.6742
1 140.517 243.205 50.0992 74.1539 50.2418
1 222.513 23.3148 39.9332 53.7006 1.60931
1 280.501 54.892 34.2661 66.9428 -85.7537
1 45.4886 157.149 56.0922 74.0099 -84.2148
1 274.442 103.211 40.0634 58.0362 -60.2111
1 208.56 239.133 32.1285 40.2589 38.8607
1 73.5122 143.3 41.879 53.7837 -2.12933
1 60.8877 220.473 58.3845 74.3188 -11.8592
1 207.477 162.092 35.7008 47.9091 -67.8597
1 196.144 119.773 34.0731 37.7096 -65.0551
