1.7664
1 255.503 63.3053 79.956 83.8328 -2.51474
1 149.455 123.262 59.9562 92.1279 -58.265
1 111.5 150.017 34.1089 89.6857 74.7472
1 122.561 249.399 45.834 90.1706 9.54071
1 184.812 161.386 34.0603 95.7549 37.5425
1 140.492 197.351 45.9905 77.9351 2.58076
1 87.0204 230.429 55.9446 68.9956 2.49147
1 75.4902 98.2978 34.1763 35.9926 33.1167
1 211.941 255.628 36.0022 70.709 -30.1267
1 22.4929 157.182 33.5651 34.1213 -87.3155
1 251.96 238.479 40.0399 50.8683 54.2097
1 193.761 230.418 36.0848 38.8322 40.1584
1 38.3077 146.422 38.44 66.1839 20.7382
1 228.981 99.064 40.9571 52.5175 -7.38301
