1.7595
1 249.192 122.173 71.0226 72.5357 -23.1903
1 212.467 33.254 38.1047 63.9613 -67.2871
1 134.219 234.417 36.0003 86.2335 -35.3003
1 39.3905 260.265 59.8636 63.9166 -80.3733
1 58.5104 99.2794 67.9867 81.8764 -34.154
1 160.514 144.036 36.0737 60.4221 73.4825
1 200.538 251.262 47.9156 78.1599 60.851
1 130.593 105.382 35.9725 48.0187 14.9334
1 215.467 191.862 58.0284 73.1034 74.2572
1 36.506 53.1193 36.069 79.7597 84.9631
1 261.563 191.186 43.6911 69.9715 21.0183
1 49.5042 227.144 32.0513 68.2093 68.5398
1 36.4345 139.364 32.1351 47.5888 -82.5375
1 274.507 229.139 34.0948 36.2321 57.0008
1 92.5136 269.265 47.9161 57.926 -52.4766
1 241.768 267.423 35.9277 51.2954 18.1228
1 266.527 64.3534 35.4689 35.9498 -38.8171
1 188.484 103.327 47.9381 61.8383 2.6406
1 179.275 70.7955 34.4356 45.6054 8.27376
1 239.538 64.6126 38.2787 52.314 -79.2405
