2.0893
1 124.452 197.272 60.2423 69.8077 -27.9782
1 227.652 241.371 34.0117 63.9669 21.8972
1 81.4736 263.331 33.9952 61.7673 -11.4342
1 151.427 258.364 53.9103 57.7634 17.1229
1 31.493 105.291 39.8708 47.7961 1.57929
1 29.5652 267.3 40.0237 49.8852 32.2404
1 257.363 152.579 61.1221 65.6711 -70.0458
1 28.5544 222.307 34.0115 39.9995 23.0317
1 137.511 106.121 38.0326 58.3324 -62.9527
1 74.0492 80.9656 28.0519 40.6817 -25.5247
1 115.528 53.7843 54.0736 74.9015 78.8688
1 76.5103 156.329 62.1145 69.9637 -6.32009
1 216.49 171.941 39.8084 68.8905 -77.96
1 271.615 196.39 32.1637 49.7464 10.7052
1 39.9334 174.554 42.5136 45.6072 78.1447
1 65.4078 223.148 46.2343 53.6661 52.5779
1 189.698 269.34 33.5887 36.0054 -44.4348
1 153.438 63.2363 37.8481 53.956 -49.3761
1 199.516 87.5003 37.0892 41.1351 -39.8506
1 83.4467 94.9573 50.086 64.6725 52.8979
1 146.502 161.266 54.0837 55.9187 -19.592
1 188.466 114.146 38.05 68.0261 -43.2042
