1.3619
1 226.527 204.281 85.9754 106.111 40.2494
1 126.588 88.2833 64.1211 113.854 44.3573
1 57.4813 98.1879 43.9646 70.1785 -75.1115
1 134.517 25.3458 38.0319 65.8558 2.35722
1 126.464 224.222 61.9007 105.945 -68.2572
1 233.451 110.249 66.0097 103.92 -53.098
1 210.491 63.2318 49.9193 67.8105 -64.6749
1 163.431 168.229 32.0088 55.7192 -54.0152
1 99.3416 139.26 32.0173 93.9719 -45.9424
1 92.5158 215.313 58.0348 78.048 9.28296
1 75.5087 38.2289 64.023 65.8783 24.4965
1 122.559 174.094 33.4433 36.0412 5.07223
