1.6527
1 141.504 117.147 33.7386 84.1202 -89.864
1 90.4929 69.2757 62.0121 65.7873 -78.6173
1 185.475 79.1463 38.0735 97.9095 -75.2851
1 69.379 97.2797 63.983 91.9077 -67.248
1 243.515 33.1264 49.8721 51.8671 -25.0458
1 47.5407 49.2404 40.048 86.0601 55.9387
1 186.336 230.925 35.8835 42.7614 -1.29149
1 46.6668 234.24 31.544 70.2878 10.5025
1 87.5402 161.307 33.8753 43.9467 3.77914
1 130.542 176.188 48.0888 77.904 82.6983
1 190.836 154.415 51.8824 87.2095 0.333751
1 46.4808 269.296 39.8787 56.1424 26.3535
1 192.168 47.4549 41.9795 81.2986 -14.7882
1 75.4734 238.122 37.9816 69.8787 -58.8016
1 241.504 75.0851 34.0851 42.3371 75.7654
1 181.863 235.929 39.7163 50.1512 -35.1714
