1.8541
1 65.5014 139.303 77.9822 85.9727 -7.91725
1 221.041 169.343 39.5262 70.4677 -58.9228
1 180.542 257.328 49.721 49.9372 -20.7887
1 99.5242 243.104 58.0679 67.5389 -53.1177
1 263.585 179.303 64.0303 65.6196 5.29083
1 107.484 55.2993 66.0791 68.0184 -50.2168
1 272.672 63.3728 44.2652 57.4075 55.8822
1 61.406 50.0055 41.7544 83.6486 30.2851
1 87.9489 264.492 35.296 39.5232 16.2914
1 204.51 227.374 37.9709 79.9981 2.31334
1 238.397 29.848 42.1385 57.0031 67.3124
1 133.545 160.273 42.0794 51.7021 85.0467
1 256.478 141.15 34.179 73.7578 -87.2843
1 103.493 88.2563 36.0549 41.9232 50.8882
1 184.592 52.2314 40.0764 83.792 -88.7954
1 239.941 68.4757 42.193 54.6384 -7.45479
1 135.495 135.008 45.5103 47.8607 22.7608
1 236.604 240.371 32.1228 61.892 20.0911
1 41.3249 87.524 38.2655 47.3575 -32.2905
1 193.522 24.2674 38.0286 41.8112 84.8155
