1.7091
1 133.548 121.269 47.9244 70.0692 29.5122
1 250.518 188.307 69.8983 78.0985 27.264
1 156.649 167.341 32.1175 84.1821 17.031
1 157.689 237.453 36.0597 81.5711 6.65028
1 128.627 37.3269 32.0942 50.1948 20.2381
1 106.499 261.167 46.304 76.1269 -26.1268
1 141.556 51.3607 42.0162 59.8814 -8.6245
1 247.411 216.303 49.9867 82.1941 -35.8525
1 84.8387 164.617 36.089 67.4729 -44.0345
1 54.4268 186.236 37.8858 76.332 -46.5826
1 165.543 116.822 38.137 94.6409 -73.404
1 55.3304 81.396 34.0541 40.3927 -64.3046
1 113.322 221.311 45.725 93.6992 -82.5037
1 30.5223 78.0771 39.9667 41.2262 87.7444
1 49.6591 156.077 46.2149 72.1745 2.12152
1 32.504 106.025 31.8644 54.6628 76.9407
