1.7004
1 185.514 244.274 70.0702 75.8578 -51.5355
1 59.1625 52.5372 40.6412 64.0094 6.70414
1 236.508 80.3018 72.0119 80.0997 18.6885
1 157.44 49.2981 33.9362 57.8406 -44.6766
1 240.507 220.225 37.8493 49.8129 -50.033
1 97.3637 240.391 49.4866 53.7004 85.2463
1 224.457 149.382 40.1587 85.6019 -4.7455
1 63.5257 129.181 36.1782 71.6128 86.3403
1 229.138 49.1958 68.1406 71.5163 -24.1852
1 158.343 169.868 44.2443 74.9026 44.5493
1 52.3911 159.299 37.899 64.1104 -40.8967
1 103.163 183.374 35.7252 61.4303 -57.0188
1 229.489 178.04 35.9872 48.5015 -57.1805
1 127.564 214.266 44.0387 51.8001 48.3048
1 147.506 136.974 45.6743 75.7283 -44.5168
1 99.4149 127.067 31.2663 32.3804 80.3252
1 58.0902 52.9657 38.9001 50.4155 6.44131
