1.9334
1 43.4672 77.1856 44.0686 84.1595 -66.49
1 219.515 48.3064 63.9677 67.9399 38.0535
1 122.4 252.014 47.9625 73.303 31.2679
1 156.497 76.3068 48.0694 49.9928 54.9321
1 210.457 252.309 57.9985 76.1584 -15.2555
1 123.376 81.3453 47.9083 80.0255 -26.4199
1 269.562 27.2799 40.0088 45.902 -25.5078
1 184.634 173.334 55.9191 69.7747 18.4748
1 70.4539 262.265 56.0769 73.7633 -67.2318
1 174.598 240.24 38.2523 71.8527 84.9578
1 278.579 233.423 35.6146 51.9631 -67.3304
1 123.909 147.453 33.8741 74.7215 20.4676
1 247.51 155.064 35.8867 50.3685 72.3502
1 68.7754 221.43 35.9166 64.3996 23.1332
1 258.581 216.274 34.0438 57.8778 41.5442
1 128.392 171.35 33.8232 54.1607 -14.3364
1 172.539 137.707 45.375 47.4644 -28.0446
1 105.978 39.5442 31.5052 56.8486 -2.91612
1 85.5086 33.2636 41.8685 48.2829 25.9276
1 253.016 125.517 36.1293 61.1096 9.273
