2.6774
1 34.5549 204.292 63.9638 70.0721 57.8623
1 184.485 197.223 71.8632 73.8908 -13.8803
1 142.502 43.2566 62.1654 77.9278 -83.2638
1 175.534 255.318 64.0051 67.9292 -9.6934
1 108.504 164.164 53.8816 68.0377 -87.9586
1 182.525 132.282 47.9559 51.8555 12.0594
1 246.525 118.292 64.014 71.9888 49.5216
1 89.6779 232.336 53.9987 59.4949 -5.73207
1 60.4553 264.318 48.0461 55.6549 10.5396
1 40.3945 63.2595 31.9144 53.9882 -31.85
1 264.461 243.295 32.1645 42.0937 -17.5507
1 20.5195 101.217 34.1104 40.0578 68.6571
1 173.471 50.3063 44.0096 55.8916 -12.0436
1 43.3584 158.403 36.0132 77.9207 -23.8082
1 247.137 203.588 43.06 58.5123 75.9979
1 238.471 141.568 55.539 63.4724 -33.5576
1 144.58 213.344 47.7948 50.3748 47.1928
1 261.664 195.443 39.7765 41.6243 73.7953
