2.1945
1 49.4037 96.2809 40.0262 69.6764 -43.3966
1 122.544 193.284 61.9818 67.7311 52.685
1 274.525 236.214 44.0562 58.0589 -75.0135
1 127.431 250.343 44.0416 60.0514 -12.8235
1 43.5119 214.278 50.0913 55.8776 52.3773
1 271.485 93.2284 46.2601 53.795 -15.5579
1 80.1907 258.336 39.8195 47.5428 -53.9224
1 121.488 31.2674 38.0623 39.9304 -57.8228
1 37.3929 130.357 31.9854 66.0356 -19.8702
1 211.604 201.38 65.7449 69.7552 -83.9097
1 280.469 201.136 31.9683 73.9309 -76.472
1 75.6126 36.2868 41.9494 54.2958 43.4496
1 269.465 50.2882 47.8356 64.0074 -41.1528
1 220.482 135.063 45.8919 75.8247 -52.9031
1 188.489 154.22 46.0814 67.9404 -64.6018
1 240.53 58.3282 40.196 49.9053 12.0817
1 111.87 55.4726 40.0293 65.2186 44.9089
1 269.132 148.47 40.209 42.7027 -47.3753
1 127.119 115.422 47.9971 67.1078 -21.4144
1 151.43 114.85 30.9759 48.5755 73.0672
1 86.3789 157.37 42.0987 65.7821 -9.37102
1 259.489 155.327 34.0524 45.8785 -27.5451
