1.7342
1 153.563 167.161 31.9932 87.5677 70.8831
1 259.669 268.329 32.007 78.0536 35.2794
1 57.5374 84.3051 83.963 94.0777 19.013
1 214.55 216.286 83.9864 94.0391 50.9076
1 90.6022 128.206 47.8915 90.0045 65.9034
1 97.8294 260.398 37.9433 91.6482 43.6207
1 236.316 67.3895 33.8801 78.0334 -17.1925
1 231.498 32.3501 52.0241 77.9391 -5.00484
1 91.2038 71.3702 53.7755 74.6697 -21.8318
1 114.467 191.935 33.8324 41.0823 -85.4908
1 270.512 29.2835 35.6359 51.9108 -47.2773
1 229.407 137.317 33.9812 52.2266 -28.8701
1 176.43 241.385 33.989 73.9515 -12.3348
1 220.295 125.376 33.985 58.675 -37.3727
1 72.9639 241.581 32.5807 33.4263 -60.043
1 126.386 220.16 41.5421 66.4323 -15.935
