1.8029
1 164.487 175.3 87.887 96.0256 51.1067
1 69.4846 155.264 82.0888 90.0704 70.1633
1 58.5304 239.326 52.0695 73.6934 20.258
1 214.419 259.292 46.0708 64.1473 -27.668
1 67.4864 52.2598 51.9513 56.1183 -56.1703
1 251.533 142.369 31.9867 67.8539 2.68389
1 166.015 28.5877 44.1552 87.1377 16.2552
1 89.5211 65.2393 48.1242 67.8474 79.248
1 101.586 218.185 33.9834 88.0429 58.1471
1 233.397 227.312 38.0019 61.9266 -33.7874
1 183.296 71.3821 21.7181 43.4252 63.1638
1 143.513 135.113 36.2256 81.6508 84.109
1 221.524 176.306 40.0911 47.9594 18.8682
1 171.795 74.0137 39.7222 59.6271 54.992
1 216.439 121.229 38.0919 83.805 -57.5075
1 25.6612 158.272 37.8812 47.9965 10.0574
1 203.092 61.6024 62.7933 65.7472 -45.0273
