1.9819
1 61.4132 35.2963 54.0897 77.946 -41.277
1 65.5709 124.245 51.9517 72.0893 49.4681
1 98.4781 42.2277 56.0331 77.8634 -85.1088
1 94.4855 220.14 34.0586 81.9778 -80.1579
1 250.485 199.171 46.0862 63.6802 -77.4488
1 221.484 239.072 60.2736 70.2719 -46.1653
1 57.5003 173.109 34.0066 60.0286 86.8265
1 43.5007 233.269 58.0549 59.9134 -21.9815
1 212.525 150.251 50.1301 57.9461 -76.97
1 115.544 179.243 65.9564 67.7491 76.5615
1 38.4727 256.276 54.0526 71.8073 -45.8141
1 151.481 113.298 66.0038 68.0188 -36.3188
1 272.462 123.219 33.5861 42.2121 -24.3122
1 149.178 79.8931 35.7394 55.0312 61.9681
1 210.469 118.299 33.9154 44.3392 -26.4931
1 124.673 115.723 47.9924 51.982 -19.2447
1 174.693 223.752 43.9351 51.933 -36.5446
1 194.285 203.658 34.5194 44.6129 -54.8935
