1.9167
1 41.5265 251.184 53.9885 79.873 64.776
1 139.393 164.315 51.9906 84.0929 -31.9463
1 273.502 173.189 38.1714 77.705 85.214
1 40.5485 48.2967 57.9721 62.191 23.3632
1 224.523 116.31 62.0152 71.7512 76.6772
1 94.6834 71.3967 53.8903 61.4913 3.76344
1 136.526 226.33 52.1207 79.8271 6.09714
1 126.134 34.4618 31.9636 84.1585 -22.4199
1 170.478 70.2878 56.0605 67.7711 8.12577
1 229.562 210.273 65.7816 66.0934 -21.7472
1 211.471 56.1291 65.855 75.7539 -55.8022
1 109.402 220.335 35.9504 68.1282 -20.2588
1 224.242 194.5 60.5254 67.3112 9.14253
1 22.4896 138.248 34.0198 39.9442 -67.0417
1 62.5447 117.281 47.8357 60.073 42.0317
1 260.083 99.4698 40.1992 48.7974 -55.0922
1 74.4769 136.183 44.0581 66.1064 -78.6009
1 150.375 126.567 31.9995 54.4777 67.5824
1 37.4855 183.36 59.7414 59.8585 28.3515
1 170.351 150.405 34.6801 51.9023 41.23
