2.5186
1 198.559 55.3012 86.1828 95.9206 81.358
1 85.4617 246.238 68.0854 91.924 -70.1937
1 148.503 154.095 34.127 87.5156 86.1816
1 83.8971 72.7094 56.243 78.1765 -49.734
1 33.5594 69.7867 32.0255 61.1266 77.4323
1 187.55 215.349 93.6638 93.9597 -44.8956
1 171.479 257.282 72.0768 78.0947 -67.8459
1 43.5372 214.351 47.8143 90.009 35.5695
1 267.431 168.826 50.1418 76.6224 59.8107
1 250.461 49.2795 44.2656 47.8954 61.8581
1 208.39 94.2485 37.9956 89.9251 -60.8391
1 246.579 144.213 39.9145 79.8278 61.6363
1 105.48 158.301 36.2202 47.8675 39.5572
1 272.854 134.77 44.1821 59.6746 -50.603
1 72.4857 177.192 47.9331 55.7155 -46.5793
