1.3595
1 212.64 218.27 65.8208 116.101 54.0395
1 135.558 256.368 70.0684 117.913 7.08336
1 49.6836 106.414 36.1268 76.1515 4.16568
1 122.528 224.33 88.1185 111.884 17.135
1 140.713 128.454 38.1092 105.669 8.57624
1 224.548 102.252 65.9034 91.9781 58.1946
1 105.526 35.2252 34.1095 59.6976 61.6724
1 230.674 145.306 36.0297 89.704 46.0065
1 98.4961 135.295 57.9233 68.0224 -57.3163
1 76.7702 65.4831 31.9473 95.4414 14.0473
1 36.3758 31.3546 54.1354 58.249 -58.7286
1 262.491 127.234 42.1704 57.8594 80.4033
