11.1643
1 194.566 113.24 58.0207 115.987 55.6259
1 246.484 201.214 67.9364 80.1705 -56.9691
1 51.518 58.2133 67.9739 117.971 63.818
1 236.548 116.263 78.0893 110.079 46.918
1 87.7663 85.3659 65.6424 113.605 83.4805
1 177.599 198.188 39.9646 114.153 55.8569
1 129.109 33.4956 42.0498 74.9496 -14.4907
1 40.4537 170.151 43.9593 100.397 -58.4143
1 126.539 216.051 58.1852 91.6141 87.4793
1 150.334 277.395 33.8412 81.782 12.7337
1 63.5133 175.223 54.0066 69.8221 87.1082
1 174.558 234.33 33.8303 50.1628 -39.7924
