2.0812
1 162.477 94.2011 35.945 53.9063 -53.9316
1 65.4748 93.2403 44.0808 47.9528 22.2565
1 114.511 131.995 58.2575 73.2158 -80.3899
1 123.566 65.3147 48.185 49.7432 31.089
1 257.329 197.377 55.9475 62.2599 -50.7378
1 223.452 95.3215 60.115 69.7178 -59.669
1 40.6821 229.387 34.0123 48.4417 40.9342
1 124.521 166.355 31.8815 59.926 1.67278
1 57.4854 135.235 38.2384 53.8006 -24.9077
1 35.394 31.3339 33.946 60.1653 -35.6499
1 113.499 220.289 40.1635 51.8466 -38.8572
1 29.6033 105.394 44.285 51.8144 -80.7236
1 263.594 54.4003 51.3844 56.2067 -49.896
1 164.891 136.552 43.1825 47.8059 -29.3252
1 34.5048 52.2788 42.0295 46.032 24.7877
1 247.496 23.1077 34.0087 41.8046 -57.5824
1 158.705 221.203 68.3885 76.3326 11.4631
1 221.519 163.176 67.9059 73.9139 8.87412
1 64.9066 216.334 40.4821 57.6772 -24.9427
1 217.721 215.682 31.4788 65.4563 47.3639
1 157.48 252.319 31.8743 50.1507 -28.8645
1 95.2122 43.6183 39.7085 55.1263 -25.7189
