1.8507
1 234.527 65.2526 60.075 84.0119 65.9292
1 243.504 226.312 63.9612 80.0435 15.8029
1 80.6556 135.571 58.7907 67.0953 39.7377
1 125.378 58.2866 40.0833 71.9408 -43.4255
1 78.5663 220.312 45.7861 98.0712 12.035
1 165.639 235.285 65.9172 84.0752 50.107
1 245.339 144.398 39.9813 73.9584 -15.9603
1 163.461 106.339 55.8956 79.8532 -0.714073
1 90.5811 50.4236 44.367 95.9931 -69.2813
1 46.9943 103.548 36.1056 87.0094 -35.0678
1 54.4264 259.975 52.2762 84.553 36.1202
1 103.682 261.282 31.8654 94.2299 48.3447
1 264.486 67.2541 54.044 59.9285 -60.0108
1 175.438 152.302 80.0198 98.0595 -41.6294
1 226.646 262.324 34.0672 61.8474 50.7835
1 102.133 116.336 38.5356 44.3383 -61.9016
