2.0413
1 142.508 201.283 74.0724 77.8373 -74.8432
1 45.4874 125.24 59.9042 66.0035 -12.8196
1 127.385 57.3284 56.0303 79.8595 -39.1915
1 130.486 245.304 69.915 84.1142 -16.5951
1 43.6821 56.4261 67.7725 73.5433 -2.84868
1 264.75 49.3519 59.3006 78.1422 -66.0877
1 46.5922 209.278 50.1288 71.9245 58.7881
1 211.501 76.0895 65.8894 74.3577 87.3071
1 264.558 175.047 49.3869 52.026 21.1454
1 34.5282 39.2628 61.9028 65.7814 81.11
1 268.513 93.3138 47.8175 53.8795 1.09131
1 226.386 207.145 58.3736 59.56 -22.75
1 32.5141 130.224 52.0542 59.7849 57.6012
1 183.451 135.337 42.0954 64.0489 -18.7173
1 174.515 145.366 32.084 61.8029 -3.24964
1 51.5014 184.316 42.1324 47.9479 -19.2658
1 265.809 211.412 34.046 71.384 43.8563
