2.0957
1 75.5 186.258 61.9316 73.9899 -70.4674
1 243.152 140.378 38.1116 66.0814 2.52001
1 44.4608 90.7346 35.9043 68.6629 89.2895
1 30.4946 248.12 51.9744 61.3905 85.6167
1 257.509 192.177 45.6547 66.0247 9.11839
1 100.569 252.238 36.0506 49.8105 79.6933
1 194.514 142.194 38.0734 57.807 85.3797
1 52.5077 128.277 47.6863 47.7418 -21.7787
1 248.527 222.29 59.9605 61.8899 -67.3628
1 107.488 92.9414 31.8215 61.4498 67.3958
1 112.501 131.09 52.6885 55.7928 20.2341
1 267.509 25.9669 34.0225 47.3825 -71.301
1 153.683 203.839 36.5331 44.6113 72.6012
1 39.503 190.292 43.8226 43.9022 5.77787
1 196.437 183.313 39.9546 60.3023 -40.1512
1 188.588 29.3353 31.8636 40.0167 41.3202
1 159.517 173.861 33.2629 37.8858 28.9375
1 180.282 70.8602 37.7858 65.354 -43.8304
1 164.514 67.2336 47.9888 51.9104 -74.2525
1 210.163 27.4478 31.8955 44.5591 -47.3643
1 265.535 58.2798 37.8055 53.9795 0.759913
