1.6771
1 254.512 203.273 71.9179 79.9089 -86.8431
1 200.403 112.306 60.0309 83.9216 -49.6273
1 145.52 238.296 84.0589 89.9989 -20.1036
1 237.499 235.292 80.1108 81.8532 -60.8408
1 24.483 93.2176 36.0819 55.8806 -69.0001
1 101.802 186.577 69.9702 89.7122 -18.7772
1 54.4814 259.266 51.8532 60.1549 -51.9029
1 96.6312 41.3622 46.0041 68.263 31.8346
1 51.4393 100.256 40.0787 65.8892 -56.7324
1 252.738 116.393 43.703 59.5794 76.1439
1 105.757 80.9184 44.7739 47.2871 79.715
1 144.865 74.4315 31.8698 55.3801 50.4717
1 132.425 163.288 44.001 64.1848 -32.3614
1 172.534 200.959 36.1295 90.421 -46.5425
1 53.5203 237.26 41.9931 48.0682 64.0049
