1.6664
1 58.4202 229.317 59.9486 85.9175 -17.9982
1 172.489 167.31 59.9672 87.868 -3.96708
1 168.399 66.338 57.9994 96.01 -26.6244
1 265.478 198.204 44.0724 67.7655 -58.3269
1 51.5496 42.2728 50.067 52.0109 26.6668
1 221.491 98.1951 34.0321 65.8832 -81.288
1 208.469 40.2431 67.9824 82.0331 -32.3648
1 170.569 221.337 46.0239 96.0245 12.6572
1 126.559 252.399 38.1089 87.5317 -3.03954
1 45.4967 143.315 32.0194 76.2752 27.7705
1 125.517 190.244 56.0761 67.8596 84.8377
1 252.552 248.125 40.011 60.1428 -43.5646
1 89.6866 53.3443 31.2517 31.8255 -62.182
1 74.4854 197.24 42.2488 49.7274 76.8485
1 79.9667 115.541 34.3435 55.0281 55.4185
1 45.9311 116.36 41.2838 77.2565 -37.3074
