2.1569
1 235.615 93.3225 46.1019 73.9017 27.9329
1 131.444 61.2474 44.013 63.9695 -48.8285
1 244.557 255.251 65.7066 76.1324 -66.3212
1 260.576 204.232 31.7817 48.3695 28.2479
1 76.3959 126.347 62.2796 65.8087 82.2515
1 123.492 195.133 55.9349 73.5993 -50.2548
1 183.483 259.306 49.828 61.7724 0.435668
1 251.637 124.227 36.3881 67.7272 -4.15774
1 121.734 247.446 40.0799 47.3068 30.0378
1 148.529 129.199 52.02 73.8164 68.2499
1 175.818 151.329 58.0486 59.167 -13.3369
1 177.5 110.018 55.3877 59.9395 -5.88523
1 59.4571 225.017 32.0778 71.5679 52.286
1 43.4757 247.107 34.1514 67.5594 -82.3091
1 88.5247 194.258 38.1641 45.9884 74.5209
1 33.4645 158.779 34.9564 55.4052 -0.587883
1 75.6086 262.451 33.3145 58.1245 -54.7352
1 265.631 87.6976 38.2846 47.7258 -3.46974
1 169.402 228.353 36.0015 47.5196 -7.24783
1 97.5028 55.1738 36.0702 56.2766 -65.7333
1 50.6532 104.311 42.3464 51.8775 -47.0656
