2.6347
1 239.558 134.254 49.9971 52.1106 -29.882
1 249.678 52.3516 38.0985 63.8878 23.3422
1 154.558 80.2678 41.9338 69.93 45.7084
1 175.496 237.247 53.6602 63.85 0.503913
1 100.478 198.081 52.2589 78.2277 -34.2442
1 46.7013 253.346 31.9746 78.149 31.1241
1 200.531 177.263 63.9397 65.9732 17.8179
1 94.4403 119.251 60.0956 83.9472 -56.3303
1 173.56 38.3185 57.9603 80.0567 43.5831
1 224.542 223.278 54.0323 57.9854 -34.2501
1 50.3053 148.382 32.2094 49.3536 -9.72337
1 35.8015 56.586 45.6945 64.723 -52.3228
1 190.531 262.26 40.0897 55.8991 42.3733
1 27.5738 262.292 47.7326 59.8912 -89.5992
1 79.531 98.2832 73.9672 75.8374 -67.6568
1 278.17 46.4496 36.6934 40.2314 25.3677
1 47.5164 24.2958 31.9785 37.8905 8.22715
1 246.464 143.273 46.0158 53.6848 -83.926
1 191.932 51.0432 49.3085 56.7816 -26.6642
