2.2601
1 238.406 32.3025 33.9693 67.7518 -44.866
1 178.594 139.351 42.0566 65.9977 20.4669
1 245.44 267.111 34.1783 55.6833 85.393
1 182.455 41.2156 38.0411 63.8038 -64.3475
1 57.3146 256.352 58.0464 73.521 -16.2047
1 122.565 200.358 31.8627 57.8977 24.6439
1 77.3723 157.236 39.9588 70.2148 -67.2895
1 217.615 63.3045 59.8248 66.0535 -50.7827
1 57.4525 34.3201 49.9926 76.1306 -23.5368
1 50.4996 81.1938 38.0381 39.8283 -5.06822
1 39.638 155.341 39.8948 60.4027 55.3366
1 129.604 98.6658 46.7548 54.4029 -28.3341
1 233.415 159.293 45.8836 72.3651 -75.7699
1 102.842 250.461 32.0552 71.4908 12.8485
1 105.053 100.4 45.819 47.2144 -66.7799
1 211.629 251.258 34.4242 35.7594 64.2169
1 118.487 59.0605 37.6898 39.8757 -40.1321
1 40.2543 38.7043 53.7526 55.8139 81.0941
1 200.561 193.199 43.8536 72.1076 79.3672
1 258.418 231.233 51.9287 76.3323 -42.9558
1 267.537 179.174 37.8805 45.6981 -32.6053
1 156.531 188.32 41.4376 47.5029 52.4791
1 49.201 187.416 42.0919 63.1143 -35.319
