67.2761
1 186.422 42.536 35.6323 88.3165 42.6528
1 116.509 235.206 54.3179 84.153 87.8025
1 232.507 123.227 45.3979 51.8806 -52.6237
1 59.4542 67.251 70.0359 97.7865 14.4169
1 198.435 173.201 41.503 55.869 21.0027
1 76 158.853 44.6807 83.0118 -88.254
1 97.6205 53.3094 53.5957 81.4081 59.4103
1 250.484 38.1471 53.7732 54.3123 2.32166
1 32.6582 211.226 38.1671 81.3741 -67.6459
1 50.2798 25.5301 40.3788 74.5711 -2.75532
1 161.445 138.436 42.967 77.3838 -22.0904
1 89.4052 262.305 34.4421 56.4051 -23.609
1 260.661 77.223 49.2183 54.0723 -0.997706
1 145.046 159.981 54.1358 78.1421 -74.3812
1 172.501 54.1971 38.2424 68.5193 -78.809
1 85.8915 62.9074 29.0712 54.8885 52.2902
1 65.5468 133.375 41.1971 46.0808 50.0273
