42.4877
1 248.477 92.2861 73.7592 79.5654 -73.0087
1 184.482 55.2784 51.6689 57.6259 -19.2966
1 172.281 255.597 67.9389 82.8811 79.9
1 48.7269 229.547 55.4526 70.1133 -13.2644
1 132.946 97.7782 64.0213 72.892 33.578
1 244.644 211.274 35.5453 71.0558 74.5846
1 274.557 174.162 38.3074 66.4244 80.335
1 73.4469 151.288 57.5388 77.677 46.9825
1 205.533 200.277 37.44 37.7597 -22.9835
1 46.8629 39.3539 31.2873 76.8419 28.1387
1 26.324 159.299 32.8478 42.0086 61.1669
1 232.447 161.528 46.1108 76.9744 53.6219
1 165.154 197.909 30.0936 86.2045 -68.4701
1 119.296 69.3988 78.9449 86.5151 -68.2188
1 143.495 275.3 39.4655 41.538 1.48399
1 132.355 159.298 48.2296 50.4477 -19.1411
1 133.703 179.174 39.4007 42.0227 -49.0239
1 86.1152 223.116 73.732 81.7789 -30.9486
1 31.5185 50.2749 38.045 50.361 -59.6066
