52.3265
1 49.372 232.359 42.1927 86.5653 -8.58763
1 153.608 49.3389 45.6343 77.5474 25.0661
1 168.726 168.4 58.203 71.8505 76.9147
1 201.476 266.352 56.2939 84.4305 -16.5627
1 64.407 78.3218 36.4651 54.1435 -27.6992
1 213.288 231.28 56.6368 65.7201 34.7956
1 209.611 121.849 64.5311 79.352 -20.2145
1 58.0949 135.329 60.4916 71.966 -40.0704
1 123.5 72.2526 47.7906 53.646 11.6582
1 65.5627 35.1821 34.4227 78.4257 57.7472
1 34.3759 29.382 37.2536 51.6716 29.8137
1 25.2558 160.448 33.8345 37.9481 70.9986
1 272.489 148.334 37.467 37.6742 -11.8765
1 84.5761 150.329 35.9944 54.6497 15.0478
1 149.724 121.41 53.2134 67.2732 0.795034
1 169.105 244.26 35.7471 50.4669 42.1924
1 266.525 185.304 36.4252 54.1893 8.12865
1 242.276 170.51 51.4935 54.2808 18.7607
1 213.31 248.266 20.6547 44.1789 6.57248
