4.96076
1 437.221 122.227 165.851 187.386 -36.0128
1 298.504 151.437 81.5036 156.339 50.3849
1 298.446 151.967 126.995 193.64 -76.3169
1 123.989 201.13 94.2599 140.87 -42.1871
1 314.368 425.308 81.0581 183.447 -61.3517
1 294.519 135.897 111.108 170.267 -65.3666
1 313.369 425.286 147.024 153.976 -43.158
1 332.426 441.687 67.8519 146.836 63.9362
1 437.13 121.868 97.7622 161.772 -53.3445
1 298.044 151.997 84.9121 165.963 -56.6778
1 437.18 122.074 84.9413 149.692 35.4172
1 314.394 425.299 93.4652 107.828 38.2378
1 139.123 186.45 82.1854 115.202 -69.3425
1 155.743 170.51 89.5357 140.514 -42.5872
