8.72917
1 390.402 373.925 168.397 196.715 -13.262
1 187.82 401.747 81.6861 89.2574 80.1315
1 390.609 374.033 101.856 134.905 -12.7701
1 187.985 403.357 158.128 164.226 53.4294
1 464.069 156.31 80.6656 185.971 -55.7948
1 225.1 133.132 81.5843 118.416 87.4415
1 390.421 374.125 85.9333 93.4734 64.6058
1 225.547 133.398 137.059 195.718 -0.122606
1 204.468 136.85 127.179 154.991 11.0872
1 225.026 132.751 101.351 155.591 47.9175
1 223.929 134.371 114.339 191.464 -60.8602
1 464.419 155.7 155.139 177.173 -41.703
1 286.425 320.415 83.932 88.2195 -83.8782
1 187.992 403.389 111.402 116.252 -60.8989
1 464.72 156.095 85.1849 120.979 2.25229
1 474.475 162.237 94.2121 143.327 13.4602
1 464.148 155.733 97.3337 180.04 19.6886
1 143.229 290.328 85.1182 124.609 43.0606
