3.9773
1 272.532 186.985 133.685 192.247 56.4231
1 272.468 187.035 111.933 126.089 -78.2959
1 126.262 459.944 124.788 195.385 -73.5619
1 271.931 187.056 86.4812 88.127 52.3587
1 107.848 448.058 112.178 137.881 21.9121
1 126.275 460.088 84.5244 156.417 49.3372
1 470.382 462.906 91.1146 195.928 83.5212
1 469.493 463.808 154.33 163.23 -72.3424
1 126.616 460.113 123.382 179.654 28.7355
1 280.275 184.282 95.2124 101.293 -19.5369
1 270.707 186.976 88.2462 190.116 -10.9217
1 464.793 460.393 92.5029 176.672 29.7027
1 126.178 460.052 85.9515 130.581 -34.1339
