8.12878
1 467.412 279.662 176.065 191.325 41.1004
1 261.745 478.297 150.566 174.716 -15.2717
1 137.017 143.04 169.694 173.622 -43.389
1 223.426 315.551 151.811 168.056 40.4106
1 463.432 261.593 109.184 125.402 -18.7708
1 365.806 347.037 101.17 113.324 -1.69784
1 223.43 315.405 81.8421 142.29 -57.9243
1 466.833 279.615 136.984 147.993 84.4729
1 254.575 207.708 159.176 188.997 16.0756
1 261.774 478.265 88.7089 161.264 -9.92056
1 266.346 478.46 75.6523 88.6599 67.2755
1 467.464 277.281 79.2735 141.92 77.8965
1 224.476 316.694 104.154 139.57 60.4266
1 253.892 207.231 98.701 193.154 79.8877
