10.2629
1 126.776 438.005 81.4449 116.978 -8.9648
1 232.331 311.884 83.9828 108.209 -18.2076
1 126.744 438.002 183.445 193.323 46.3094
1 420.78 225.872 153.61 180.934 -54.6186
1 130.258 224.027 82.9947 183.543 73.6558
1 232.842 310.97 170.206 194.991 -18.2544
1 384.948 399.659 115.085 146.003 -44.8632
1 421.146 225.594 97.2019 166.893 -35.539
1 126.494 438.068 114.323 164.053 29.188
1 397.787 386.56 122.504 182.857 -45.8974
1 234.153 158.435 103.996 175.801 -39.2371
1 232.114 312.544 101.307 193.601 -58.5315
1 234.135 312.75 107.088 178.916 21.1815
1 374.414 386.608 86.2062 150.924 -1.12562
1 130.533 223.983 142.812 183.178 24.1057
1 234.019 158.054 84.7713 198.728 65.6609
1 395.844 386.669 90.8428 108.804 -51.4475
1 397.309 386.524 88.0816 165.216 37.9853
1 127.241 437.705 110.572 196.33 -45.9757
1 130.978 225.246 85.7389 193.047 -3.31585
1 130.423 225.189 99.9035 133.546 -53.5776
