6.34388
1 192.211 145.965 179.738 185.128 61.58
1 398.594 451.449 163.545 186.186 0.942781
1 192.166 145.869 108.921 143.775 -88.1217
1 398.815 451.066 96.0823 190.234 87.7845
1 342.248 282.878 103.138 169.115 52.8127
1 272.693 433.044 139.203 161.328 -23.3946
1 197.953 149.157 86.6885 106.051 11.824
1 362.184 161.697 184.421 188.607 -66.1036
1 269.212 433.072 98.7238 119.762 -80.0337
1 193.697 146.707 79.7057 91.1742 -10.4904
1 362.211 161.556 96.5574 132.973 -74.0131
1 398.798 451.372 100.111 168.365 28.2932
1 399.069 450.311 89.7612 109.464 -83.6059
1 272.685 433.06 83.8164 85.0433 -45.313
1 188.012 143.985 84.823 184.69 27.3676
