5.4866
1 475.34 188.984 186.929 191.218 70.0015
1 142.018 314.815 189.282 191.585 22.7506
1 475.29 188.964 124.152 146.119 81.38
1 142.008 314.777 119.991 155.745 68.7199
1 475.323 188.99 100.064 103.654 -7.68004
1 142.016 314.821 95.1973 98.2028 -26.2673
1 471.169 453.795 152.077 169.972 -54.9758
1 237.827 166.937 96.241 137.109 68.4511
1 238.214 167.35 134.749 168.039 53.4197
1 380.421 343.387 141.516 165.636 -78.0499
1 380.429 343.451 103.642 104.524 -25.1642
1 269.133 406.002 92.0743 170.531 -68.7943
1 237.884 166.893 88.1178 187.614 -12.029
1 269.04 406.073 151.601 191.519 -10.1736
1 471.248 453.764 100.337 137.947 -66.0307
1 269.346 406.761 102.858 172.943 62.4982
