4.61362
1 337.509 455.398 197.442 198.392 -71.9559
1 472.253 278.542 85.4845 98.118 -72.4381
1 140.775 458.663 152.774 199.636 -30.0111
1 472.48 277.641 128.841 189.502 48.0559
1 468.133 168.965 97.1029 182.116 20.7553
1 141.051 458.53 89.1991 96.5611 -12.8743
1 140.766 458.664 107.941 155.153 29.0604
1 472.403 277.718 106.735 186.065 -24.6687
1 337.476 455.393 92.3194 185.695 49.445
1 472.521 277.705 90.5657 157.44 -84.9965
1 337.538 455.319 85.0349 156.331 -73.0226
1 337.52 455.347 84.0657 155.925 12.1195
1 478.895 156.666 80.8353 138.553 -32.2124
