5.86
1 139.104 156.428 189.705 193.873 29.4189
1 221.616 410.19 179.171 191.792 -44.7353
1 155.888 164.602 99.2145 160.683 54.3477
1 326.707 146.717 149.391 186.203 70.2069
1 221.623 410.16 98.5789 105.059 -79.7026
1 221.598 410.129 125.725 154.803 -28.4809
1 139.269 155.832 121.063 164.498 -36.7366
1 123.551 145.345 104.536 152.94 50.4422
1 326.432 145.811 103.077 159.335 89.6837
1 327.674 146.776 95.8082 186.391 -30.0266
1 138.786 156.972 87.3316 138.353 74.6693
1 328.215 147.911 93.4064 166.583 16.6788
