3.97428
1 195.419 200.859 161.355 190.364 -24.9857
1 422.97 192.885 185.137 198.187 -20.1555
1 212.299 375.327 171.366 195.383 -29.4974
1 195.394 200.894 127.539 132.012 20.5607
1 195.413 200.881 95.8963 104.159 -87.226
1 422.938 192.909 131.24 159.468 46.1278
1 477.379 407.522 113.377 182.32 28.1582
1 212.329 375.278 98.2323 170.805 18.3601
1 326.785 303.051 84.2189 194.22 86.7744
1 422.853 192.953 84.351 151.793 -30.5582
1 212.044 375.433 82.6121 171.225 -51.7609
1 478.347 407.556 87.2419 192.546 -8.27076
1 477.369 407.433 89.5114 137.587 49.3262
1 326.586 303.452 105.334 111.738 34.9068
