8.82728
1 127.147 450.054 190.591 198.732 -61.5351
1 127.238 449.964 120.163 163.173 71.6744
1 155.758 292.549 150.989 198.829 7.98827
1 201.507 192.087 157.514 165.531 -6.61339
1 296.502 391.444 188.275 192.098 -65.9501
1 126.857 450.328 91.7584 103.245 -16.598
1 297.919 391.125 104.326 166.632 3.55177
1 450.336 226.076 101.241 115.756 -87.0318
1 317.716 240.379 83.5701 91.7292 35.6269
1 174.7 296.179 140.83 156.671 2.95439
1 450.26 225.777 116.9 189.78 -85.2291
1 318.773 238.89 110.427 185.364 -63.0505
1 450.157 225.817 86.8987 195.613 40.8423
1 201.23 191.501 100.421 138.812 -26.217
1 298.018 391.036 96.3848 108.253 65.8505
1 194.095 191.656 83.5875 183.605 14.543
1 318.155 237.808 81.422 175.31 73.612
