4.66162
1 420.731 210.641 144.731 182.798 -68.2263
1 128.5 300.731 87.6056 100.647 -88.0429
1 195.152 210.972 158.848 184.823 77.1654
1 421.027 210.386 82.3689 180.945 88.8173
1 299.797 408.09 139.741 199.426 1.47945
1 421.387 211.291 87.8317 101.98 15.4354
1 458.861 377.708 81.8325 197.326 -89.6312
1 195.649 210.311 86.138 175.496 -69.43
1 477.245 377.852 81.9528 129.844 36.7113
1 299.745 408.229 95.8562 141.254 -9.22667
1 128.228 301.069 96.9164 186.277 82.1528
1 128.452 300.691 108.745 142.351 14.7895
1 195.198 210.894 97.975 111.173 -18.8876
1 299.755 408.197 90.6408 175.318 87.353
1 458.373 377.925 94.6992 165.435 -56.6961
