3.38294
1 402.955 424.083 107.219 183.347 84.3881
1 168.094 427.684 127.191 184.674 -9.34333
1 281.82 143.236 122.139 181.517 49.4551
1 402.939 424.22 80.5717 95.4977 -78.5259
1 168.108 427.65 90.5442 119.613 -84.9909
1 281.814 143.298 84.5027 89.5997 9.41051
1 196.809 238.142 117.469 192.589 0.0311136
1 323.77 266.664 118.922 143.629 -34.3415
1 196.903 238.127 82.7264 160.081 9.63411
1 196.837 332.655 126.514 192.775 8.40335
1 323.667 266.647 157.908 182.457 43.9904
1 196.905 332.593 105.106 161.82 69.2493
