4.63294
1 465.397 158.465 176.051 188.23 -43.4841
1 465.397 158.463 123.777 132.701 -0.977117
1 465.403 158.459 83.8594 107.223 -15.6418
1 264.627 473.543 146.247 198.811 -77.7672
1 183.079 389.286 148.838 171.468 -32.5372
1 183.095 389.297 83.248 86.8338 27.3069
1 183.064 389.354 113.817 122.105 42.987
1 366.394 394.185 133.642 185.338 -51.3577
1 256.59 275.572 150.591 195.454 6.98938
1 158.779 190.486 129.93 178.541 18.5633
1 261.141 489.462 94.6052 134.411 -57.1024
1 256.565 275.357 83.5434 189.873 84.7061
1 264.701 473.613 82.3645 124.241 -25.33
1 159.145 190.336 89.4392 198.258 -49.8064
1 256.612 275.684 123.99 125.016 -52.035
1 366.255 393.032 94.0722 138.345 -75.734
1 158.788 190.395 115.856 119.333 -6.60236
