6.23974
1 125.333 418.66 195.835 199.87 -38.7383
1 177.829 200.147 167.22 186.876 -60.5425
1 280.924 329.413 187.448 197.525 -60.7228
1 252.713 469.446 82.1441 88.4865 48.8826
1 452.525 149.623 156.093 159.224 52.8058
1 251.615 468.946 135.362 185.521 46.9143
1 125.439 418.712 117.724 188.913 43.3085
1 125.309 418.701 96.9616 103.1 33.0931
1 177.796 200.145 114.439 160.09 -63.2479
1 341.33 155.09 94.8615 198.048 75.9484
1 280.887 328.311 80.5137 161.31 -83.9325
1 460.156 135.975 86.7865 120.649 -43.9706
1 280.891 329.361 102.685 141.21 4.06122
1 341.329 154.909 100.965 189.668 -54.8326
1 341.194 155.3 81.8247 121.485 -43.8248
1 341.241 155.155 87.1795 188.381 31.0447
1 251.747 469.009 92.6871 139.191 9.6607
1 178.034 199.497 80.2422 105.2 -29.4069
1 281.448 328.581 89.3739 91.2722 36.812
1 123.248 419.595 86.4327 170.007 -3.954
1 251.718 468.988 101.288 162.35 -68.2877
1 452.838 148.51 87.4864 93.8795 36.094
