7.31315
1 478.299 453.611 182.389 188.338 -66.5273
1 381.584 168.158 157.286 179.601 -7.91875
1 247.897 177.794 189.954 198.517 -11.7337
1 381.637 168.095 116.691 145.009 -70.3896
1 477.596 453.029 95.7251 178.877 -8.01266
1 481.4 452.317 86.7546 103.835 -32.2813
1 299.132 335.513 151.725 176.376 74.0995
1 247.013 177.888 80.1712 189.697 -25.3703
1 247.927 177.766 134 143.953 3.21382
1 299.13 335.462 91.4588 151.695 -65.7323
1 247.899 177.712 82.2586 161.299 83.4654
1 381.639 168.105 80.9964 117.677 74.6304
