8.07595
1 475.376 235.41 192.588 199.66 -48.1656
1 271.979 141.714 192.22 195.445 -88.8851
1 475.344 235.378 131.312 167.99 74.1559
1 272.007 141.684 110.107 182.081 64.2877
1 142.654 271.765 177.946 193.108 77.7321
1 153.161 409.243 82.8453 93.4487 -21.6773
1 273.412 471.028 156.238 199.886 -41.2714
1 153.221 409.189 173.763 177.105 4.84882
1 153.186 409.187 99.6789 156.508 -67.7035
1 273.755 471.161 84.4724 163.12 62.0601
1 283.683 462.617 106.014 116.05 -61.1633
1 475.328 235.413 90.0028 140.412 37.2499
1 271.686 142.135 83.668 87.9081 -60.0258
1 152.476 409.394 98.8798 151.791 5.32687
1 273.442 471.093 87.3315 87.6088 -89.1693
1 475.255 236.16 81.8812 128.845 -52.5981
1 142.694 271.577 84.8817 167.429 -84.2855
1 273.658 142.811 82.1469 138.788 37.0627
1 142.881 271.807 103.337 175.776 56.1246
1 273.144 471.151 115.524 141.46 -47.2426
