8.65129
1 464.208 416.201 172.375 174.856 4.58105
1 285.218 143.392 183.728 193.782 35.0303
1 405.104 261.558 184.128 184.914 6.36776
1 464.214 416.13 80.15 156.88 -74.5721
1 201.745 381.348 161.253 197.995 -13.3523
1 285.298 143.382 132.112 142.073 -15.1949
1 304.917 446.396 94.7966 197.781 -68.082
1 462.54 415.778 82.3035 90.1808 17.7977
1 405.085 261.472 88.0882 157.326 -10.8679
1 157.874 231.846 102.203 198.287 63.3234
1 464.154 416.191 103.202 133.809 44.4957
1 201.823 381.325 103.305 150.664 6.62469
1 156.633 232.169 108.51 178.758 -2.37584
1 158.096 232.107 90.2627 118.077 -19.6433
1 157.815 231.38 178.435 199.102 85.4818
1 285.172 142.722 88.6682 94.8019 14.3928
1 201.756 381.416 88.8993 89.5869 22.1978
1 404.655 261.449 101.597 173.027 43.2821
1 304.838 445.836 83.5311 106.277 82.2833
1 201.785 380.978 81.0679 194.226 89.8535
