5.47603
1 230.977 285.875 158.368 174.213 -38.2422
1 119.33 349.971 149.472 185.522 -38.1087
1 418.93 261.981 160.593 181.735 70.2642
1 427.746 474.652 85.5702 86.4444 73.6776
1 427.732 474.564 127.56 164.361 -78.784
1 203.337 456.979 133.232 173.504 18.0417
1 230.967 285.72 88.7792 135.614 -82.0833
1 419.08 260.016 90.4752 120.889 -80.0862
1 427.772 474.61 92.7066 139.374 12.4644
1 230.154 286.135 91.6861 163.789 -10.9785
1 107.535 353.179 79.7541 117.402 0.250747
1 203.394 456.958 116.43 118.634 -56.5636
1 119.489 349.95 83.1292 113.074 64.1578
1 419.465 260.016 93.6506 170.875 22.3665
