4.42919
1 449.864 291.862 175.933 182.482 -13.0663
1 173.654 255.226 191.58 195.335 21.3824
1 173.672 255.202 124.337 137.531 -32.8903
1 173.609 255.17 81.2835 86.0026 -81.6009
1 171.472 451.711 145.246 189.329 5.18319
1 296.257 341.642 80.2565 118.45 -24.1687
1 171.48 451.793 94.9068 104.769 -50.1172
1 296.817 343.068 103.526 173.557 -79.9857
1 449.913 291.757 81.3995 155.31 -60.6674
1 449.892 291.816 82.5093 148.038 19.0272
1 297.746 341.682 145.713 189.665 -21.9518
1 171.956 452.789 81.0347 183.4 75.5899
