7.30923
1 153.823 222.29 143.984 161.141 60.0558
1 424.627 376.783 163.41 184.049 -57.7988
1 332.325 124.913 167.3 176.468 50.0627
1 184.875 452.151 104.789 191.903 -48.1326
1 425.043 376.801 88.0433 139.796 -5.56021
1 152.387 224.578 90.5762 96.1674 16.2557
1 184.944 452.127 80.8462 147.762 -64.7195
1 332.409 125.151 84.7158 111.815 87.674
1 323.808 323.668 87.462 154.154 -88.2628
1 325.008 324.653 131.232 183.055 -85.94
1 184.958 452.229 80.073 128.656 63.4486
1 332.383 125.303 87.9352 185.163 5.54918
1 273.625 228.023 113.301 154.324 -64.7883
