2.73243
1 133.951 347.179 156.361 195.365 -86.1494
1 355.594 474.61 175.702 183.974 -18.8155
1 368.517 309.948 116.377 150.927 57.0257
1 133.979 347.149 121.411 124.329 22.9423
1 368.571 309.971 94.0804 109.459 29.6759
1 368.562 309.89 178.621 193.806 -30.9712
1 133.951 347.158 83.4011 100.916 32.1486
1 456.475 148.839 175.86 180.482 38.9475
1 355.675 473.959 94.4994 158.659 -73.1151
1 355.651 474.035 88.5922 174.558 60.4015
1 456.878 148.992 83.2928 93.3485 -72.4429
1 453.749 149.014 87.5308 182.264 -5.00063
