6.63427
1 126.358 140.685 180.027 192.638 41.4732
1 286.897 446.957 183.326 196.855 -8.62087
1 438.882 294.196 155.136 189.25 48.0402
1 207.607 315.961 182.365 190.992 75.0588
1 412.794 169.189 179.42 180.05 0.828851
1 438.768 293.978 85.9065 173.429 61.4415
1 126.359 140.724 123.427 158.925 14.6619
1 286.91 446.926 139.75 145.308 -27.2289
1 412.845 169.083 108.769 163.056 -45.6614
1 126.61 141.192 89.0687 121.282 41.1349
1 412.593 169.22 95.9208 190.778 12.5878
1 287.742 446.73 82.7439 89.1971 -24.2844
1 207.502 316.01 86.7182 142.791 -19.2555
1 437.51 295.19 81.0238 141.895 -15.8545
1 206.548 314.34 105.364 163.321 34.5859
1 126.335 140.708 81.5633 138.93 -54.551
1 438.947 294.231 87.94 144.772 -70.0408
