3.798
1 344.361 236.834 119.536 197.786 -76.9848
1 419.702 361.821 156.077 171.212 -7.24458
1 419.71 361.808 96.9845 147.241 -2.24772
1 344.597 236.995 99.5128 137.237 67.6371
1 432.413 208.921 104.575 157.677 -78.104
1 432.4 209.015 80.9513 96.3021 25.1578
1 121.263 417.763 89.4489 198.57 15.394
1 165.66 266.036 117.001 190.108 -6.84958
1 186.677 358.093 133.65 168.584 14.1986
1 163.856 266.148 107.366 122.752 52.3858
1 186.721 357.971 86.7102 123.095 -50.087
1 121.179 417.84 98.3461 98.6892 88.7629
