4.20913
1 248.957 371.132 132.976 153.572 22.4808
1 249.376 370.946 87.9452 129.957 -12.1821
1 248.919 371.152 183.183 195.58 -63.0591
1 151.512 214.577 162.951 191.899 78.4258
1 150.342 214.35 120.263 147.577 50.3232
1 388.783 390.79 105.125 193.961 48.7251
1 388.1 388.998 128.022 161.998 -56.1339
1 346.626 212.149 90.0166 193.647 -76.0249
1 346.605 212.179 86.2155 180.639 -20.7598
1 387.951 389.041 84.5687 130.429 -43.7211
1 151.208 214.244 93.6716 176.434 -36.3585
1 346.775 212.168 102.92 110.597 34.0904
