8.42128
1 475.089 133.265 177.73 194.679 -74.3665
1 474.839 134.3 81.1088 91.7103 15.9061
1 411.161 294.74 91.2229 177.319 -31.7919
1 307.288 139.025 148.708 152.804 85.347
1 411.415 293.692 164.77 190.347 -25.129
1 258.932 384.99 108.584 199.121 21.4781
1 474.922 134.312 127.757 160.261 -38.1171
1 450.531 428.159 132.035 160.87 25.3706
1 474.982 134.484 98.4125 175.64 46.4939
1 248.146 398.334 120.593 142.42 -34.8785
1 450.222 428.255 85.4884 195.409 -15.3605
1 307.355 138.842 84.6338 191.559 -80.341
1 426.255 431.108 79.1675 144.276 -20.0142
1 258.582 385.295 100.296 117.282 14.2141
1 307.287 139.003 87.8289 147.821 44.4152
1 306.529 139.607 86.7647 144.337 -26.1145
1 258.64 385.208 128.173 178.501 -43.7134
1 258.729 383.832 89.3603 197.351 -88.8724
1 451.477 429.172 81.9842 108.574 1.37642
