5.85638
1 188.987 337.666 189.773 196.761 -39.9127
1 229.151 221.64 143.247 158.535 -39.853
1 291.499 492.033 152.46 165.039 21.3432
1 173.196 347.398 111.046 136.466 -16.4507
1 381.032 394.38 84.6807 117.94 -85.3849
1 280.972 478.461 97.37 104.784 -86.08
1 229.135 221.334 82.6865 187.458 73.778
1 381.001 394.41 110.337 199.568 53.248
1 380.925 394.409 98.7871 177.363 -83.8771
1 380.711 394.888 117.283 167.134 -11.868
1 231.166 220.148 108.12 112.525 -89.7924
1 281.1 478.363 85.8695 192.173 -63.0897
1 189.141 337.609 100.573 120.485 80.4083
