5.88505
1 379.203 472.526 198.682 199.678 6.05581
1 239.341 186.489 167.646 184.902 27.7493
1 417.625 229.05 141.899 172.002 -43.0343
1 378.241 473.318 89.4602 187.729 -43.6642
1 259.955 457.645 103.742 179.762 -49.0056
1 239.433 186.386 100.505 173.195 3.07884
1 239.762 186.675 88.4453 111.804 -43.2793
1 239.762 185.847 100.586 184.545 -66.4716
1 255.868 458.383 87.0604 141.17 2.00895
1 379.191 472.425 114.269 191.151 89.5518
1 417.865 229.147 91.3168 132.277 -32.1861
1 262.752 458.558 83.8283 89.5498 51.4589
1 417.62 228.72 84.3914 131.947 61.3173
1 260.099 457.584 82.0225 159.525 55.3748
1 379.734 473.112 94.9896 144.429 18.9616
