8.3597
1 471.945 146.997 161.157 195.458 54.7451
1 155.809 404.132 177.582 188.425 29.7413
1 220.148 178.811 167.918 193.665 3.7071
1 333.352 467.275 86.8283 96.2999 74.2666
1 456.094 458.482 159.188 163.498 40.4207
1 429.923 339.359 80.4033 126.707 22.5683
1 471.97 146.993 120.283 153.885 -55.0199
1 156.571 407.072 96.235 103.404 -8.9622
1 471.326 147.574 89.984 116.996 -3.43052
1 155.967 404.688 130.078 138.946 86.3865
1 429.421 336.904 113.533 184.707 57.8996
1 333.735 470.391 114.18 194.371 60.062
1 455.849 458.274 82.5036 89.3388 25.13
1 455.985 458.451 115.049 121.449 71.4896
1 332.61 470.631 106.369 188.276 -44.5969
1 471.614 146.8 84.8295 160.1 72.5659
1 220.531 176.49 99.0331 181.856 -74.6994
1 219.874 178.174 79.7951 177.28 54.3092
1 218.285 179.488 89.4064 128.702 -8.7575
1 429.975 339.239 126.546 188.69 -31.9055
1 332.322 469.996 93.3374 160.072 18.7348
