3.83935
1 353.071 154.027 183.482 187.545 -28.5393
1 314.841 278.805 170.834 187.055 -34.6931
1 350.779 152.813 122.569 149.783 -50.4072
1 476.573 188.232 85.8727 102.01 44.8083
1 353.087 153.979 92.2439 120.37 86.9259
1 142.972 401.545 131.403 178.291 -85.1076
1 476.617 188.297 162.495 196.447 -61.8033
1 476.572 188.255 104.745 188.246 -14.7803
1 316.16 280.376 118.394 127.644 58.3777
1 142.948 401.585 100.436 120.302 71.0866
1 142.013 402.547 80.7118 177.889 -54.3577
1 315.444 278.049 91.9958 190.043 -20.367
