5.2273
1 121.291 204.407 105.578 115.396 69.8964
1 121.334 204.405 80.8464 85.9899 -71.3733
1 121.357 204.347 125.178 189.404 -51.5565
1 190.144 428.284 155.411 189.868 67.3055
1 189.85 428.281 113.948 150.563 79.9718
1 317.026 429.634 148.249 149.33 62.857
1 358.508 218.505 177.242 182.957 2.44902
1 121.426 204.352 117.429 185.724 25.934
1 189.924 428.347 85.618 107.492 -7.0991
1 358.505 218.28 107.415 130.902 65.6469
1 316.558 429.956 85.401 187.757 -31.4246
1 319.294 424.23 81.2781 100.232 -60.3734
1 357.551 220.607 82.4432 188.606 -56.1344
