6.22344
1 124.774 150.311 148.74 185.93 -61.4824
1 124.72 150.295 88.4213 134.147 61.5651
1 408.756 471.967 131.711 182.179 -23.0055
1 341.123 183.111 156.036 170.307 12.1737
1 408.751 471.887 88.3416 122.492 -81.2633
1 126.991 269.853 80.9038 107.291 -19.0208
1 127.441 269.179 114.488 198.144 -27.8232
1 124.681 150.329 93.9893 162.769 -33.5704
1 330.954 379.493 82.3039 134.643 11.8829
1 126.18 269.589 123.474 194.351 37.4129
1 341.107 183.099 110.836 132.661 22.2632
1 331.419 379.839 103.428 190.465 -38.7762
1 408.868 472.562 83.4595 182.384 60.3176
1 341.135 183.022 98.5708 189.073 -58.0617
1 330.7 379.727 180.788 188.91 80.3476
1 244.6 260.476 139.327 172.454 -45.3339
