10.3342
1 159.886 326.674 83.0103 96.4201 48.8691
1 282.418 231.354 84.7104 85.735 -52.9198
1 159.371 328.775 175.742 178.637 85.5061
1 256.585 435.556 181.897 182.699 45.863
1 169.737 156.578 83.3775 130.215 82.6284
1 256.985 435.362 100.97 184.352 -51.4747
1 256.594 435.568 80.3668 117.53 -14.2408
1 381.158 385.854 150.16 181.189 -24.6056
1 381.151 385.931 83.0664 113.144 31.1938
1 159.77 326.678 98.3731 181.04 40.9344
1 160.049 326.651 86.5122 178.17 81.6361
1 176.809 175.603 80.5025 98.6093 -7.37063
