6.80905
1 290.173 319.182 81.8116 85.2825 -7.9843
1 311.611 467.094 180.218 186.77 71.7983
1 290.127 319.207 113.06 118.376 -3.16932
1 430.234 329.25 97.3956 125.766 59.8814
1 170.137 261.675 139.388 196.792 -11.8555
1 456.888 465.478 157.205 168.569 24.5498
1 429.842 328.795 122.262 189.259 63.8852
1 311.595 467.123 109.5 110.313 -30.3626
1 170.157 261.616 98.5518 140.402 -23.9735
1 455.948 465.001 83.2386 189.389 7.79462
1 432.029 329.265 91.6927 167.899 -20.8054
1 170.371 262.054 103.367 181.484 -85.9759
1 456.048 465.118 115.817 116.85 -68.816
1 290.197 319.132 141.553 191.879 -40.0136
