5.6007
1 478.757 471.885 80.3336 100.931 4.61142
1 196.857 135.541 81.7822 93.256 78.8644
1 407.773 247.892 145.152 189.132 -49.6287
1 478.793 471.847 134.457 185.818 89.0733
1 136.459 334.544 140.656 143.462 -22.2922
1 196.886 135.535 125.166 187.64 49.7201
1 478.697 471.918 96.8672 162.334 -26.3093
1 196.807 135.513 110.421 184.896 -11.1032
1 136.963 335.158 80.6628 194.954 67.0571
1 408.594 248.112 100.162 126.749 70.8857
1 252.594 308.275 95.1669 190.496 -58.0576
1 252.428 308.214 119.004 173.616 27.3737
1 136.579 334.231 94.0596 115.448 -57.2301
1 251.806 308.853 87.3937 191.239 -18.0902
