3.31955
1 397.51 213.983 158.018 181.418 4.49078
1 397.484 213.969 96.6375 142.884 21.8352
1 274.233 335.959 98.9234 128.789 67.0075
1 274.214 335.974 150.574 191.706 50.6724
1 169.089 445.324 149.79 187.988 25.5684
1 434.514 446.399 88.753 165.698 19.641
1 169.042 446.001 81.6748 176.088 -17.0399
1 201.999 224.811 137.661 177.857 46.1055
1 435.871 445.234 128.656 160.025 77.9225
1 202.69 129.075 107.113 196.314 12.3498
1 201.88 224.796 103.972 116.805 -10.2441
1 202.715 128.549 94.0075 116.884 -87.846
