3.61084
1 415.926 449.573 167.877 196.728 53.112
1 415.979 449.564 114.686 146.829 -4.71418
1 415.985 449.589 83.2349 94.0808 -40.5348
1 151.324 252.379 131.78 176.921 -70.5516
1 123.323 441.171 110.349 120.407 4.19572
1 120.534 437.098 79.0176 100.496 -35.4108
1 273.464 392.459 137.296 199.047 -18.4401
1 120.998 433.762 80.1202 191.079 13.5987
1 272.8 392.891 108.006 134.041 -35.7532
1 273.466 391.384 86.1853 192.783 -75.0263
1 151.398 252.437 94.6836 121.035 -75.8404
1 149.919 252.804 83.7508 170.636 4.30945
