5.44464
1 441.067 141.402 157.598 191.931 -89.3354
1 163 459.978 144.197 191.55 -67.5697
1 438.862 142.673 96.7491 187.514 84.8425
1 438.874 142.797 86.1443 91.841 54.7154
1 318.584 149.818 80.4477 142.237 -44.181
1 371.429 289.882 142.419 196.059 8.49276
1 318.571 149.766 148.551 171.33 57.7476
1 371.414 289.852 112.308 132.373 49.3875
1 448.367 152.127 91.6993 123.552 26.382
1 371.283 290.467 81.003 194.149 -84.6743
1 312.158 154.826 100.772 180.736 -28.8752
1 371.386 289.946 84.7216 104.714 -17.2122
1 162.447 459.453 90.2439 162.841 -84.7243
1 318.524 149.802 99.8248 129.239 38.2581
1 162.476 459.497 98.4223 133.675 -2.58348
