7.77892
1 142.941 147.131 197.603 197.734 10.2374
1 417.741 187.788 82.6651 98.4834 55.369
1 417.57 187.614 158.4 191.976 -79.5568
1 447.922 327.213 159.319 164.538 1.81335
1 230.156 451.175 163.617 165.712 84.8317
1 142.931 147.038 119.188 183.883 -85.3095
1 430.536 175.777 106.972 123.226 -12.9211
1 417.826 186.842 89.3753 159.586 77.0803
1 317.586 353.572 117.238 144.589 83.6604
1 230.42 450.976 102.193 128.954 -78.2889
1 229.748 451.268 83.2578 148.972 6.60863
1 447.528 327.154 88.5869 156.568 -29.3942
1 448.451 327.21 83.478 94.5594 -83.7366
1 301.165 183.593 79.5259 101.474 22.4761
1 301.744 180.663 81.6391 160.608 -67.0291
1 143.45 147.221 93.1673 153.027 -21.0254
1 317.773 353.482 183.461 187.581 15.3982
1 317.723 354.788 81.2092 103.656 85.7624
