3.43003
1 146.783 420.599 149.465 196.178 6.03421
1 429.625 423.135 178.105 189.663 -13.8837
1 146.8 420.544 115.531 143.964 -82.4153
1 347.942 172.178 136.707 173.98 13.349
1 429.915 422.953 104.549 143.488 -37.5251
1 234.124 145.037 132.948 134.245 -47.7228
1 348.113 172.28 88.7441 158.366 38.1556
1 306.155 477.031 107.073 194.217 -70.1702
1 228.262 245.762 81.3001 113.453 -37.8895
1 234.162 144.943 94.7232 106.322 61.888
1 226.664 235.588 89.7159 193.753 25.3238
1 305.558 477.174 115.438 189.924 19.966
1 226.386 234.725 95.9652 122.632 -53.9657
