7.89574
1 420.867 259.576 171.207 190.212 51.8974
1 388.081 406.562 96.2435 107.088 54.1596
1 300.096 184.176 183.818 199.616 -86.2758
1 432.771 263.334 114.653 132.457 85.4844
1 427.302 136.612 166.866 182.437 -13.2311
1 128.735 182.634 121.098 134.016 33.1774
1 163.067 464.071 119.085 189.452 -62.6079
1 388.502 406.689 105.206 172.577 27.5469
1 128.697 182.629 92.166 104.601 50.966
1 163.097 464.053 87.3006 88.1709 72.0975
1 421.151 259.531 92.0324 119.326 86.7313
1 426.922 135.511 85.7147 175.935 -34.0998
1 162.335 464.237 102.193 157.962 9.07871
1 163.421 465.826 80.6289 167.979 89.5311
1 426.682 135.826 85.7673 160.433 -68.415
1 299.389 184.619 107.542 183.014 6.51576
