3.80826
1 143.183 317.783 141.832 190.311 -73.9616
1 423.465 459.165 103.993 189.566 0.210517
1 312.694 270.92 185.221 194.639 -24.0652
1 312.723 270.913 94.4634 148.629 -22.3657
1 143.091 317.841 83.0153 105.758 23.2559
1 423.467 459.126 90.1419 113.21 -17.2696
1 195.164 446.882 138.938 167.441 -76.9853
1 446.923 224.211 94.5436 192.344 -43.282
1 195.138 446.665 97.9409 196.62 -5.31599
1 369.714 366.749 109.921 199.976 -23.7622
1 446.081 225.558 106.439 139.009 37.9414
1 168.027 388.552 25.4592 75.4022 -37.0116
1 369.922 366.648 93.3418 162.284 31.5913
