5.88475
1 154.046 346.757 184.487 189.777 40.8662
1 429.99 198.879 172.008 194.286 86.2865
1 388.108 432.828 196.732 199.709 -51.3871
1 310.203 224.467 159.886 182.105 -51.8851
1 399.496 430.784 103.642 141.752 38.9514
1 429.492 199.064 122.863 162.529 -0.906328
1 154.058 346.738 90.3628 182.967 45.2241
1 386.689 432.528 122.626 154.397 32.8281
1 310.002 224.966 81.7066 165.768 -52.1514
1 165.307 341.709 93.4699 123.734 -24.4985
1 153.652 347.134 95.355 150.075 -23.9641
1 429.882 198.926 85.0263 112.233 -6.69195
1 309.35 226.246 86.6366 180.386 -20.4805
1 310.061 224.759 86.7138 112.92 47.2512
