3.53417
1 248.082 235.526 95.0551 108.429 -22.7221
1 181.434 353.165 83.8868 95.6527 -63.299
1 248.753 234.777 161.544 168.773 86.5664
1 181.465 353.134 109.609 153.484 -41.5332
1 305.225 446.646 120.38 180.34 -82.1602
1 314.147 151.609 109.982 168.783 53.7924
1 326.785 331.623 113.081 138.437 89.2205
1 326.907 331.484 81.5572 95.5111 -46.2599
1 305.425 446.932 107.658 118.474 -9.68091
1 201.35 455.354 103.406 143.828 89.3752
1 314.115 151.699 90.1723 128.813 -15.6133
1 201.572 454.225 83.2197 139.26 -22.762
