3.24348
1 162.759 406.704 162.367 187.203 -38.4524
1 472.477 426.477 152.577 184.071 83.2574
1 472.466 426.496 127.274 127.533 75.1119
1 472.489 426.477 93.341 96.799 87.1882
1 312.21 436.661 132.063 191.992 -22.8973
1 278.884 214.714 147.009 167.485 43.4028
1 161.707 407.365 101.378 176.071 -22.1352
1 312.172 436.754 91.1236 156.877 -46.9189
1 162.832 406.668 96.2475 120.919 86.4898
1 278.882 214.712 85.5636 116.131 -87.5712
1 277.903 216.781 88.447 175.686 -39.8256
1 307.093 439.753 100.639 136.707 52.648
1 310.918 436.372 86.5359 130.258 55.2607
