6.89326
1 201.923 145.369 91.5337 100.082 -75.6549
1 207.334 318.737 81.8049 84.0883 61.8749
1 207.387 318.709 167.209 179.722 -80.0734
1 258.515 477.752 154.984 195.019 -29.6405
1 201.91 145.353 158.587 196.078 -39.0888
1 258.189 477.606 82.0627 121.542 53.6464
1 466.109 202.451 130.336 166.217 -33.1516
1 207.365 318.708 105.035 160.407 33.9654
1 199.768 330.786 93.5833 134.136 -59.0904
1 257.773 477.948 87.8909 182.281 -13.9997
1 201.791 145.048 103.026 198.773 -86.7369
1 201.872 145.093 115.964 137.111 -16.931
1 207.535 318.082 100.327 162.033 -58.1154
1 466.135 202.385 85.3666 185.263 86.6501
1 258.244 477.613 110.676 179.449 76.4623
1 466.125 202.361 94.843 130.272 -0.207498
