6.35686
1 447.357 205.28 175.327 180.7 31.033
1 171.66 334.902 148.645 195.673 -50.8408
1 421.372 447.231 165.339 177.057 43.5802
1 335.089 260.744 171.667 190.991 76.3413
1 127.223 178.488 90.0007 127.189 -51.0521
1 141.034 161.345 145.189 192.805 -12.8179
1 447.286 205.311 129.651 146.087 50.2328
1 141.022 161.364 105.191 159.587 54.5044
1 171.632 334.971 85.6963 94.9594 49.629
1 171.256 335.564 109.945 136.635 -36.2641
1 335.069 260.68 83.747 122.478 57.8302
1 421.356 447.236 95.0705 160.063 -24.5722
1 335.409 260.459 120.508 144.38 11.9752
1 139.781 163.661 75.3175 78.957 31.0955
1 420.718 446.121 83.5024 99.6294 -23.0123
1 171.69 336.071 87.6075 167.206 62.0112
1 447.349 204.458 86.2612 113.566 36.2517
1 141.114 161.283 82.8379 163.455 -64.5556
1 448.619 204.454 84.9682 196.741 -57.8881
