5.41687
1 247.447 223.256 186.896 197.368 82.6764
1 355.734 448.657 188.743 199.834 -8.20714
1 433.558 200.628 80.4988 81.0542 33.7364
1 211.879 476.163 181.571 183.896 60.8451
1 432.906 201.896 102.392 115.659 -84.1993
1 433.544 200.687 121.108 187.312 88.8431
1 434.339 182.309 114.125 149.64 85.2262
1 246.602 223.582 85.6214 173.323 -22.7568
1 211.801 476.198 120.887 150.097 35.2001
1 247.327 222.884 98.85 160.418 66.7579
1 256.826 237.038 91.1054 128.049 76.098
1 436.612 202.869 101.971 174.877 34.5527
1 356.233 449.401 92.4062 167.142 26.7436
1 247.538 222.714 85.7269 105.826 -67.4025
1 211.957 476.163 103.505 104.799 54.7596
