6.62219
1 450.067 248.386 196.943 198.843 44.2395
1 146.413 253.286 177.051 195.211 19.4549
1 450.104 248.385 135.89 155.873 -10.4528
1 246.934 369.465 173.869 184.069 -89.3551
1 271.638 155.733 93.7267 98.026 -1.69821
1 146.45 253.178 106.181 142.214 -88.2744
1 269.262 154.251 145.003 198.504 29.7108
1 146.432 253.225 89.2977 96.2869 -61.202
1 247.701 368.423 95.1509 95.2691 41.3927
1 449.945 248.073 88.6948 178.264 56.1198
1 467.66 448.53 167.627 174.964 31.3405
1 247.407 368.533 104.78 155.181 -62.845
1 448.633 246.133 85.2143 88.2447 -31.713
1 468.224 448.704 104.899 165.995 -76.6296
1 264.406 138.905 97.555 122.675 66.0932
1 277.821 136.969 91.9627 153.285 -62.6634
1 467.709 448.913 91.7507 196.295 -0.755233
1 467.618 448.472 83.0785 140.628 39.0636
