5.1301
1 276.435 374.657 191.241 199.18 7.19156
1 261.275 200.271 105.465 149.874 34.2946
1 261.211 200.227 161.642 177.384 17.3915
1 261.253 200.228 93.899 97.2184 55.7051
1 453.142 279.416 157.734 196.464 -79.4424
1 276.162 374.367 87.8035 189.365 -22.5241
1 276.219 374.433 108.457 185.043 23.1846
1 453.865 279.395 83.6507 130.322 -10.7134
1 148.268 303.452 136.299 178.62 12.0958
1 148.198 303.861 86.9662 192.403 -50.2299
1 453.965 279.907 96.2994 168.581 44.4204
1 148.481 302.456 83.0263 162.707 -87.9602
