6.10873
1 461.121 174.027 182.222 197.536 -87.8146
1 461.129 174 114.282 155.772 -70.1399
1 303.802 454.772 173.993 201.261 -40.3759
1 134.349 439.672 127.273 144.081 48.4828
1 461.152 174.057 94.6033 105.273 -46.4219
1 461.328 174.358 106.771 179.838 33.1797
1 322.993 274.789 89.3389 166.071 85.325
1 305.446 261.397 76.9503 131.794 49.0036
1 157.267 449.83 80.9649 115.735 -11.7848
1 323.408 273.554 81.9675 156.732 -52.8427
1 155.107 450.66 100.315 169.979 -27.6653
1 157.092 450.033 85.4289 171.138 -78.9394
