8.97006
1 144.423 386.501 148.425 189.667 29.6845
1 144.396 386.503 125.844 129.811 72.4161
1 144.463 386.48 82.3045 110.39 -31.2346
1 247.135 192.515 131.5 191.586 69.4633
1 393.877 296.772 193.146 195.715 -89.9475
1 456.821 392.649 81.0083 188.373 -22.4957
1 394.058 296.779 106.159 129.307 62.8964
1 457.27 393.034 104.027 167.589 -68.8021
1 457.145 393.272 86.4922 157.611 23.0749
1 246.393 192.845 82.9001 103.017 46.2524
1 276.396 381.421 102.282 193.93 -45.8978
1 281.423 384.598 84.5607 128.524 31.6405
1 275.387 381.804 127.404 197.863 38.9003
