6.97929
1 362.71 467.237 172.826 185.284 26.1496
1 244.804 136.234 150.995 196.581 53.0123
1 245.101 135.651 117.492 147.437 -82.367
1 315.559 314.775 162.182 189.785 51.2996
1 137.332 206.039 134.145 159.818 7.9359
1 134.711 180.661 173.072 190.012 64.8421
1 432.995 158.188 125.808 195.916 64.2297
1 362.736 467.19 107.155 167.952 63.164
1 362.732 467.486 82.761 105.874 77.2633
1 315.643 314.904 100.184 171.461 16.7035
1 315.578 314.869 86.5754 114.25 3.27171
1 433.065 158.311 96.949 98.4896 24.9522
1 363.268 466.168 97.4191 158.685 -50.8084
1 244.764 136.267 82.6299 95.9974 16.1029
1 252.59 144.205 77.5908 154.547 50.3379
1 448.596 149.319 93.0733 132.924 -39.2721
1 433.052 158.012 95.5495 198.016 -76.3036
1 133.736 181.858 80.3117 135.645 1.19292
1 135.57 181.006 108.335 188.782 -15.2317
