7.37201
1 161.679 354.698 178.867 197.425 59.2992
1 321.956 125.791 150.218 199.525 33.6694
1 424.71 478.907 190.491 191.728 22.4725
1 322.003 125.863 90.292 107.929 18.151
1 424.691 478.861 80.2399 120.909 61.0053
1 293.343 267.764 86.139 94.7962 -36.4993
1 424.654 478.925 113.259 184.437 -39.9698
1 293.206 267.045 139.369 191.189 24.1501
1 161.79 354.747 119.905 137.364 -48.846
1 321.863 125.949 110.366 154.967 28.7275
1 281.512 420.519 82.1045 196.83 -69.4525
1 424.764 479.011 108.407 199.339 64.856
1 444.235 294.043 88.7091 98.3581 19.7104
1 443.583 293.365 119.977 166.705 52.1045
1 293.149 267.62 89.3439 161.1 -17.0584
1 161.785 354.789 84.7958 105.855 76.6778
1 443.93 293.649 84.7621 162.218 -78.638
1 281.556 420.107 142.506 175.002 87.4098
1 280.792 420.661 93.5676 114.285 54.538
1 293.264 267.307 82.1133 159.485 -71.95
1 445.162 293.313 88.8588 173.655 -15.9699
