5.32269
1 302.259 383.406 170.135 180.588 -71.323
1 302.255 383.402 120.02 153.047 -58.1839
1 452.313 473.538 90.761 104.221 -28.0026
1 370.366 153.468 174.965 194.565 53.4522
1 370.378 153.557 126.94 149.434 -54.7307
1 407.488 300.256 84.3385 87.8924 35.4527
1 370.429 153.424 86.6341 117.308 -64.7906
1 407.526 301.641 121.198 129.475 -35.1176
1 407.067 300.227 191.341 195.134 -83.0551
1 302.327 383.451 93.0061 97.9227 82.0099
1 452.098 473.142 118.116 196.77 86.3037
1 217.482 126.537 109.275 188.438 -42.8637
1 217.838 126.513 81.7885 93.8092 79.066
1 452.201 473.535 116.861 162.527 -0.501272
1 282.946 227.775 81.725 114.68 25.5793
