6.2657
1 263.567 161.813 188.865 191.567 31.3212
1 263.558 161.787 86.1814 89.6686 71.0814
1 404.052 263.504 195.567 197.673 70.5495
1 403.537 263.908 131.413 162.89 73.6831
1 261.286 344.157 152.06 179.915 -5.9653
1 263.59 161.757 106.782 179.227 -62.8372
1 402.101 407.602 136.252 199.338 -26.4861
1 400.259 418.476 90.205 167.811 -83.0054
1 403.487 263.658 86.8748 128.962 -31.097
1 263.624 161.892 106.787 156.14 40.1768
1 402.123 407.566 92.5257 180.218 15.1471
1 399.61 411.082 86.025 105.091 78.8152
1 261.975 344.142 91.3135 156.887 -81.57
