9.1074
1 208.688 449.873 188.53 195.211 2.74165
1 130.672 301.473 193.29 195.514 22.8729
1 284.867 222.011 184.773 193.167 -76.2829
1 208.718 449.789 107.463 139.003 -18.6986
1 467.807 431.493 83.0116 85.0657 -18.6394
1 467.003 430.967 91.5717 173.892 -62.5104
1 436.448 164.96 150.406 190.884 -57.3883
1 130.829 301.445 100.234 140.189 -69.6694
1 467.233 430.886 146.707 164.535 13.8012
1 208.747 449.865 90.2076 90.6324 74.3101
1 295.225 202.81 103.391 127.878 -54.7183
1 284.88 222.124 113.877 171.466 -59.5814
1 130.878 301.472 103.816 197.645 -17.0489
1 130.387 301.376 80.2563 165.594 37.4256
1 285.157 222.192 86.6506 113.342 68.2112
1 436.275 164.845 93.2011 151.057 -48.5343
1 466.379 429.802 83.4886 159.457 58.7004
