8.36483
1 447.697 166.655 187.557 189.515 88.1235
1 179.418 458.532 90.4253 94.9017 -74.3062
1 341.843 416.726 189.212 195.104 -41.8941
1 179.422 458.524 170.549 179.69 74.2163
1 276.155 284.528 182.22 190.692 -33.5195
1 341.682 416.424 113.711 184.735 70.2911
1 218.529 183.613 86.8502 107.222 15.3245
1 341.836 416.669 85.2359 120.296 22.1916
1 477.24 341.412 86.5003 99.496 -57.1683
1 447.684 166.64 116.345 167.078 45.5779
1 448.006 166.889 93.4083 127.661 -61.2322
1 179.217 459.363 102.148 151.949 81.3551
1 176.733 444.475 94.6824 124.782 83.8052
1 275.876 284.727 91.7755 185.748 -44.4409
1 477.071 341.688 128.61 181.57 83.6385
1 206.704 180.282 99.5723 156.721 -52.4928
1 206.677 180.362 111.397 159.336 49.1716
1 478.215 343.394 97.3362 183.361 26.6033
1 185.411 174.574 74.2347 128.198 2.37008
1 181.208 458.216 98.452 178.982 -14.2342
