2.83657
1 211.237 178.816 138.558 148.124 -30.1369
1 161.18 460.344 134.255 145.563 41.903
1 361.457 136.61 108.224 172.357 21.0132
1 334.252 346.233 110.141 133.029 57.7765
1 358.777 458.173 122.859 179.925 14.2611
1 211.187 178.84 91.4047 123.205 -7.34092
1 161.165 460.225 82.2665 121.368 72.6674
1 361.422 136.591 89.9322 98.0799 69.5789
1 334.231 346.196 179.812 191.993 -79.6644
1 358.826 458.154 87.1477 101.062 -26.0546
1 460.962 260.156 95.6278 177.392 50.6605
1 460.683 260.038 101.673 157.942 -5.9006
