3.20907
1 173.888 445.969 171.209 171.484 35.2627
1 477.881 238.823 125.685 171.02 -74.0109
1 436.646 474.381 105.492 167.64 -20.6475
1 477.873 238.849 96.8545 111.638 87.5224
1 436.628 474.299 83.6835 97.805 72.1165
1 173.825 445.944 81.2188 87.0433 -8.74205
1 288.004 237.88 127.414 191.965 30.9687
1 341.714 137.949 112.543 178.701 16.6061
1 156.788 130.286 133.758 167.591 -27.4875
1 157.116 129.971 99.2132 185.444 86.8198
1 288.047 237.845 88.5481 148.445 -66.8182
1 341.908 137.729 97.8032 148.338 -79.36
