6.59895
1 445.17 161.99 180.183 199.878 -1.78474
1 412.881 399.644 180.362 197.136 -36.2977
1 184.447 194.534 161.344 185.01 50.37
1 242.196 437.924 134.524 188.823 75.1702
1 183.775 199.028 91.2489 105.741 63.1922
1 445.184 161.941 120.111 133.962 59.863
1 412.527 399.799 107.953 190.463 -25.7946
1 128.628 421.344 130.645 150.301 15.0549
1 412.933 399.496 106.912 182.994 -81.8726
1 444.807 162.025 80.8213 170.303 -47.2379
1 270.636 307.53 141.998 185.616 -82.1378
1 270.575 308.395 82.2832 107.017 30.1189
1 445.477 161.021 83.0721 100.967 89.0325
1 241.484 427.059 73.7581 108.612 53.5988
1 133.156 445.415 149.554 187.894 59.5949
1 133.033 444.633 84.8461 108.484 -0.991256
1 413.291 399.823 95.5379 146.625 27.3847
1 133.604 444.937 81.7795 179.942 -81.3987
1 244.655 444.294 77.4322 112.369 60.5884
