4.27886
1 355.068 163.553 171.698 193.723 21.2582
1 447.685 433.737 159.548 164.484 55.5318
1 463.921 426.878 128.061 156.982 65.829
1 290.503 369.364 156.696 195.127 82.1671
1 156.308 466.422 152.367 168.706 39.6184
1 290.531 369.321 80.4216 141.127 -80.416
1 249.527 253.72 83.7422 101.616 -45.1353
1 156.349 466.457 89.1626 174.949 -55.564
1 355.017 163.473 106.112 146.232 82.8652
1 449.009 432.737 91.9077 152.143 -51.9976
1 355.097 163.509 83.573 149.791 -21.7421
1 156.351 466.377 94.1782 112.345 79.8588
1 252.519 252.819 115.929 139.512 89.9032
