5.96716
1 271.924 442.412 167.251 188.124 -32.1553
1 250.307 251.163 80.9025 94.4662 65.8042
1 357.987 298.976 115.452 196.033 -62.8373
1 228.249 250.483 128.775 154.089 16.3296
1 357.949 299.081 85.9147 90.7809 6.29705
1 419.02 433.5 116.08 189.074 79.6669
1 428.984 446.061 107.578 119.518 30.082
1 258.323 451.775 110.307 127.321 -74.147
1 419.284 434.072 114.044 191.468 -39.5423
1 249.717 251.408 137.932 200.863 6.94589
1 420.663 434.863 79.274 99.5535 -28.9323
1 419.357 433.619 95.8885 149.368 29.1234
1 358.336 299.177 93.8796 137.274 89.1241
1 250.296 251.099 102.051 148.774 71.3137
1 359.241 299.276 94.5607 155.723 -4.93735
1 271.955 442.287 81.8679 160.118 89.5174
