6.58416
1 421.525 370.486 86.4361 98.4957 71.3399
1 339.286 137.256 88.07 88.7802 46.3656
1 421.55 370.499 175.891 198.366 -37.0826
1 161.794 269.985 163.774 191.402 41.2676
1 270.137 461.084 162.287 194.396 -21.1512
1 172.561 257.083 98.3102 134.477 -33.9091
1 421.526 370.446 118.946 171.323 -75.855
1 270.24 460.948 108.098 138.948 -81.0981
1 339.345 137.278 164.487 166.38 -60.0014
1 339.669 136.824 92.3461 180.231 87.4873
1 270.243 461.014 89.2095 97.6651 -73.7528
1 340.246 137.618 95.6358 174.026 9.07928
1 156.826 272.207 96.9689 172.251 -45.6197
1 282.788 315.044 138.398 181.61 52.2693
1 282.698 315.515 90.2101 128.781 30.499
1 421.516 370.514 111.343 186.647 3.28159
1 163.089 269.932 81.2473 180.86 -8.40154
