8.35819
1 423.999 332.787 162.278 187.157 29.3197
1 174.951 295.38 142.851 169.655 -40.9556
1 430.506 161.054 125.298 196.766 -54.7344
1 280.773 154.339 98.9458 134.893 -87.7632
1 430.479 161.117 84.1091 122.844 -73.3826
1 292.484 317.429 174.055 178.562 33.2684
1 423.958 332.766 106.442 138.155 -81.8566
1 160.469 167.747 81.0233 185.633 14.8714
1 160.658 167.646 137.906 184.182 -42.5796
1 424.119 332.779 80.9003 174.04 4.52264
1 175.079 295.684 85.0798 142.534 -71.4883
1 273.956 175.106 95.1907 111.565 -70.4068
1 160.753 165.8 97.3874 150.248 58.766
1 274.013 175.037 82.5426 157.244 25.0199
