7.51721
1 422.45 473.578 181.939 193.654 -40.7022
1 174.268 431.889 138.268 194.969 -44.2452
1 299.418 319.228 190.662 192.65 -52.7395
1 471.496 349.348 80.5145 101.879 -5.76608
1 176.634 195.048 154.289 189.59 53.4653
1 176.641 193.011 93.0436 106.104 25.3577
1 472.02 349.866 137.367 188.775 18.0563
1 422.816 469.315 102.696 177.31 89.0948
1 422.226 473.832 80.7798 129.066 -36.1308
1 174.602 432.418 86.1846 103.224 86.8935
1 174.436 432.666 103.583 187.203 23.4403
1 299.476 319.201 80.0887 149.728 83.6585
1 317.905 315.295 83.2433 123.005 8.06535
1 422.492 473.612 113.501 181.45 24.9974
1 280.903 323.21 82.9671 123.03 8.74959
1 298.287 319.868 87.5023 159.952 -47.5444
1 472.014 348.963 98.8323 164.167 -53.4474
1 471.147 348.212 92.5605 165.874 54.3817
1 176.736 195.111 107.777 186.176 -43.1816
1 174.225 431.68 94.8629 152.544 -30.2367
