7.99596
1 224.35 247.417 171.117 196.129 -31.9671
1 430.025 185.344 157.92 188.354 -71.6442
1 429.998 185.226 101.217 175.598 71.8676
1 224.506 247.029 112.368 176.819 -69.3438
1 333.801 443.651 180.106 188.39 8.63431
1 179.955 483.409 94.6231 131.424 -84.7144
1 334.776 443.571 82.5309 116.126 64.6644
1 331.521 444.749 123.839 147.781 -84.6116
1 189.923 452.449 95.6725 124.681 -87.5832
1 184.624 466.593 127.41 184.575 35.0787
1 430.039 182.568 89.8919 103.209 -75.3595
1 224.399 247.432 80.878 135.355 -67.5903
1 185.866 465.497 98.4981 165.95 -78.3936
1 430.969 185.181 92.7088 183.778 21.3666
1 180.078 468.459 79.2135 153.346 -18.0232
