7.78284
1 155.746 407.486 186.442 196.705 -63.4059
1 351.639 477.262 192.074 197.016 -1.82688
1 155.73 407.5 146.774 147.001 68.2108
1 445.497 316.694 165.534 187.914 -65.4756
1 351.572 477.262 117.27 155.617 66.2389
1 322.54 312.65 96.7597 97.8851 45.7974
1 447.126 131.567 158.154 182.694 31.0025
1 239.453 162.244 162.245 197.177 51.1649
1 454.756 299.678 98.5141 135.194 -54.0495
1 155.732 407.488 84.3577 125.422 -31.91
1 322.554 312.771 176.968 184.598 86.1469
1 454.035 329.186 102.128 117.153 48.9419
1 445.889 317.525 80.9996 106.414 -10.4056
1 238.93 162.785 127.179 138.67 -61.0392
1 245.185 152.843 117.565 121.08 31.9543
1 322.465 312.618 109.653 164.347 13.7718
1 322.632 312.636 111.491 166.831 -76.386
1 155.743 407.455 85.8013 130.571 48.3109
1 239.466 162.258 95.2273 107.306 36.8865
1 446.806 131.743 81.8001 156.198 -13.4592
1 352.594 473.811 83.0453 95.7582 -72.9989
1 351.635 477.251 80.1862 170.887 18.8658
