5.82166
1 159.554 456.997 180.241 193.332 8.94285
1 290.657 308.719 141.785 163.538 -75.6567
1 463.6 129.651 151.641 184.847 -34.8102
1 454.456 242.742 135.109 187.468 33.2996
1 220.334 159.346 123.435 185.726 57.7232
1 454.202 242.535 96.9286 147.911 -66.4401
1 158.629 456.815 85.2588 164.753 18.0381
1 220.168 159.223 84.4029 112.682 29.3283
1 465.026 130.796 108.067 161.664 62.3227
1 463.527 129.455 83.2835 123.694 -16.8592
1 301.737 301.234 82.9923 165.378 42.9599
1 159.507 456.962 101.952 122.304 -72.0269
1 301.132 301.72 112.332 148.283 -86.011
1 220.352 159.296 105.062 147.856 -49.5211
