5.21372
1 465.442 469.73 156.919 169.913 16.5387
1 207.079 446.202 165.75 179.116 29.0696
1 206.776 196.908 173.858 197.542 88.7063
1 207.132 446.181 119.229 148.935 -89.0131
1 207.067 446.263 90.8981 100.758 52.6299
1 477.448 214.37 174.432 176.907 -88.8191
1 465.776 468.681 103.02 125.646 40.2505
1 357.132 314.67 84.0048 121.431 -11.0645
1 354.754 314.555 115.756 182.622 14.8494
1 354.68 314.38 98.7461 164.364 -62.745
1 476.169 213.967 83.5505 88.1967 15.1529
1 465.754 468.759 83.0655 165.606 -38.6337
1 206.705 196.965 83.9607 157.243 2.69049
1 206.798 196.903 102.987 155.722 50.8828
1 318.635 220.792 94.1893 105.22 -13.6159
1 473.369 214.21 85.0604 205.686 -4.33653
1 318.55 220.868 139.007 151.157 40.514
