5.80114
1 128.517 218.124 183.22 196.068 88.8056
1 316.873 442.194 167.029 198.66 -23.2937
1 308.905 204.054 81.7171 92.3816 10.4948
1 466.1 162.236 86.3901 137.029 -47.2692
1 466.085 162.319 138.025 144.223 -71.1524
1 458.379 342.879 126.433 183.817 66.3964
1 308.87 204.011 127.833 166.476 76.1463
1 128.528 218.047 109.388 165.652 -80.5901
1 310.209 204.388 85.3005 196.226 7.22898
1 127.272 218.178 101.942 165.132 15.9236
1 215.779 321.891 155.341 158.992 89.2509
1 316.533 442.117 93.303 161.754 16.4054
1 215.651 322.481 100.417 139.375 6.61463
1 316.839 442.177 92.7142 151.383 87.1073
1 458.219 342.687 89.8738 186.23 -48.645
1 466.116 162.209 80.4487 190.019 40.9162
1 216.307 325.719 80.4189 180.462 -79.4564
1 456.509 342.467 92.7162 186.932 19.8852
