4.77059
1 231.674 350.5 180.985 184.886 -75.4697
1 231.682 350.493 113.233 174.008 6.80245
1 461.53 335.619 160.062 196.363 -50.9417
1 231.726 350.48 81.0879 140.814 -3.08884
1 461.54 335.574 94.4753 192.953 -56.0223
1 461.577 335.57 81.5282 127.36 -51.502
1 319.017 148.414 141.442 174.285 65.3309
1 319.306 147.249 87.4114 133.587 -79.2229
1 400.931 456.717 152.715 169.561 18.807
1 476.632 129.715 87.7505 112.379 -85.1675
1 476.341 130.118 121.676 163.211 -22.9271
1 476.597 129.673 99.3192 188.554 51.1739
1 400.935 456.712 82.1207 150.172 -85.6883
