3.7177
1 395.051 474.464 181.409 190.457 -89.106
1 277.062 214.647 113.69 137.016 -84.4405
1 277.05 214.598 181.838 189.264 38.4675
1 277.023 214.577 95.7115 97.1896 -68.7879
1 423.454 137.814 187.681 189.914 23.8724
1 311.656 344.488 171.523 178.827 13.6266
1 395.103 474.461 92.8662 170.32 63.2154
1 423.46 137.697 103.221 190.767 -79.9146
1 423.475 137.822 109.694 129.962 -6.86171
1 311.87 344.432 83.3839 161.664 -11.5341
1 395.04 474.505 94.8498 103.166 -3.37566
1 312.391 345.026 104.55 160.609 50.5975
