4.69482
1 434.473 207.376 164.039 181.248 -63.9522
1 433.529 476.699 124.17 199.097 -67.828
1 331.864 267.772 155.767 176.492 57.6818
1 191.149 339.839 141.367 174.676 -33.5764
1 431.982 206.775 94.9291 110.217 81.3616
1 433.882 477.164 88.8196 110.325 -12.1442
1 191.276 339.851 81.7571 101.775 52.9207
1 331.94 267.644 84.3328 183.668 -55.0453
1 332.085 267.906 101.481 155.528 58.0049
1 190.874 340.929 94.9776 190.173 -79.3882
1 432.78 476.605 107.371 178.26 42.5758
1 392.451 359.162 80.9631 101.563 83.7913
