9.18045
1 299.876 478.99 86.8606 90.0521 -8.45911
1 157.217 196.168 168.533 198.996 15.1601
1 299.884 478.952 166.675 171.303 34.2446
1 157.157 196.131 105.215 174.566 44.7918
1 429.248 181.026 126.34 184.187 51.6963
1 288.546 128.642 177.087 192.064 60.2182
1 288.84 128.697 82.5431 98.9604 -66.9935
1 181.296 344.765 160.405 192.306 -22.7482
1 299.63 479.092 96.8504 181.723 -66.0153
1 296.361 480.295 97.7035 184.477 -31.1889
1 430.315 178.568 109.972 187.044 -65.09
1 156.973 196.66 93.6296 101.899 71.613
1 429.422 181.065 94.5085 112.632 34.6848
1 156.586 194.28 79.5812 183.539 82.0531
1 182.278 347.612 96.7539 109.403 -4.19661
1 288.826 128.412 108.123 196.748 -42.548
