7.4837
1 231.676 464.47 163.702 188.695 -47.7008
1 412.994 218.199 183.585 192.463 -46.7482
1 291.947 116.96 112.248 122.902 63.2029
1 418.321 353.97 151.1 192.845 -87.8787
1 231.872 464.365 83.3869 101.409 -77.2422
1 412.991 218.17 104.471 152.446 -21.2355
1 294.38 270.035 86.3705 97.2929 66.7776
1 399.889 337.591 93.2536 152.035 33.3191
1 176.994 267.246 125.221 164.407 75.5017
1 421.525 355.552 83.5368 109.978 17.8973
1 294.659 271.917 95.7857 147.098 -64.1125
1 279.097 130.503 94.2907 133.56 -6.0326
1 412.981 218.091 94.5301 97.5295 -44.4757
1 412.693 218.017 82.5329 185.462 43.0651
1 418.642 354.121 96.816 164.04 -14.3373
1 438.307 363.874 74.0252 143.594 27.2722
