9.13427
1 307.608 365.256 185.855 196.768 -53.6516
1 436.038 438.738 161.942 197.146 -44.5732
1 457.463 203.674 187.524 187.645 -68.2119
1 205.44 144.57 152.432 157.976 -56.9116
1 145.928 477.599 134.319 199.287 64.8372
1 307.581 365.208 131.501 165.968 60.5193
1 307.223 365.851 79.9985 115.132 46.7062
1 144.122 478.123 120.051 184.032 -26.5447
1 205.434 144.446 83.3886 146.869 72.9886
1 308.32 364.401 90.5119 171.36 -17.5536
1 435.136 439.986 91.1005 134.541 -76.1525
1 145.915 477.692 95.9149 112.308 -21.0671
1 329.893 187.276 112.329 117.403 -66.82
1 434.961 439.024 85.175 186.655 -12.7551
1 205.639 144.444 84.2211 153.571 -34.3647
