46.6857
1 45.5148 263.204 52.3535 74.5393 -64.2498
1 57.6447 27.3003 35.4514 67.9562 32.0181
1 193.592 239.319 41.77 73.7436 39.8731
1 245.776 97.9582 37.427 44.9766 -21.3061
1 49.4852 99.4743 47.8125 71.4502 44.2663
1 150.605 101.326 31.0659 54.2477 -61.0906
1 112.487 236.249 56.4076 58.2001 -70.4222
1 101.297 79.5231 60.6807 71.5392 -87.4535
1 143.117 180.98 38.3315 47.07 46.9157
1 250.4 271.328 49.2535 53.9275 34.5761
1 108.62 267.576 37.9875 68.436 12.7512
1 49.5184 158.214 55.5593 59.9641 -70.9949
1 254.026 165.703 53.0478 71.2939 -8.46072
1 154.233 259.474 31.9198 54.3386 18.8946
1 194.407 169.747 36.2419 70.9559 74.1179
1 277.613 243.785 36.1913 56.8587 84.6325
1 224.81 131.379 37.4241 40.4843 7.51558
1 246.34 219.244 39.8206 42.3258 76.8501
1 73.3192 159.013 41.531 42.8133 -49.022
1 201.535 267.263 34.3087 48.1152 -80.0072
1 123.838 138.073 51.5532 54.7794 -85.4452
