78.1639
1 32.6041 183.316 41.6723 63.558 31.1735
1 238.419 49.383 40.2896 78.7896 -12.5856
1 61.5826 240.252 42.3619 56.1195 44.0311
1 71.0569 116.635 41.9573 71.8259 35.8029
1 65.4879 172.188 58.2346 62.0946 -13.8516
1 167.099 84.2054 49.0517 74.6072 -82.5178
1 129.35 66.1226 29.8123 73.7186 28.1943
1 210.413 250.479 59.5753 59.9729 45.7775
1 185.493 207.163 31.7066 49.5866 -64.0396
1 257.106 220.623 65.5341 70.9517 -55.7434
1 130.447 217.344 39.1409 39.4839 17.0434
1 187.101 35.872 41.0768 78.0023 32.7335
1 267.547 271.438 31.7506 35.1259 51.9432
1 81.242 73.775 37.8634 69.6358 34.0173
1 26.2568 89.2401 41.768 44.2732 36.6267
1 82.3062 238.49 42.2068 51.9718 -74.0857
1 154.529 150.917 35.7746 42.9224 64.5994
1 235.356 127.382 41.7002 44.3464 -47.1649
1 34.5143 119.128 46.43 52.5262 74.6633
1 220.41 182.375 29.7143 45.8183 -14.3372
1 249.021 105.328 38.6076 59.3689 -89.2375
1 116.791 189.168 42.9547 58.3898 -69.0268
1 69.4927 57.3369 36.2171 58.4745 12.0696
1 162.856 170.978 31.3322 45.8165 23.1724
