46.8143
1 83.9825 86.4603 44.2929 111.572 14.4915
1 83.386 191.525 86.8315 97.5992 3.81632
1 142.994 261.555 57.5216 74.4431 -16.2624
1 196.234 241.335 48.1672 119.843 -11.1305
1 232.46 100.639 60.0755 79.6713 53.424
1 149.483 126.151 53.4932 93.7693 -78.9019
1 39.5653 194.185 62.4189 64.1826 -23.2535
1 176.265 208.287 44.11 58.0961 64.7836
1 68.9566 146.688 37.5769 49.0039 52.7845
1 187.583 69.0081 41.8592 48.2319 -15.5588
1 213.463 125.301 36.422 46.2234 -31.6517
1 126.005 92.7483 34.3984 112.518 -63.0802
