40.6099
1 124.993 56.0809 81.883 96.5508 62.7471
1 229.464 59.3641 41.73 69.4841 -3.08165
1 172.511 267.39 37.7626 95.0569 2.41728
1 90.6107 224.306 46.2981 74.2347 25.7661
1 34.5123 122.262 55.9589 66.393 -24.3936
1 90.0128 132.299 65.9054 86.6346 39.0648
1 172.285 172.057 53.9534 87.2461 -81.9258
1 195.31 185.649 62.0264 66.4834 -32.0806
1 252.654 248.723 58.3796 66.1738 -42.1085
1 61.5391 241.29 46.3463 56.26 11.1648
1 78.6034 163.303 54.3771 69.8986 50.7605
1 271.822 227.32 38.1464 98.0911 -70.1692
1 199.621 106.912 45.7341 61.0861 83.2778
1 160.446 32.3751 34.2896 64.3887 -7.68753
1 253.78 92.44 33.2108 34.2013 -51.3532
1 163.506 244.249 38.2623 56.3994 74.0344
