47.7541
1 213.298 59.427 91.0448 96.2281 59.6833
1 169.476 173.002 34.2662 84.2146 69.7554
1 202.635 242.928 77.9481 95.7527 -49.9853
1 250.483 133.412 55.8988 87.4551 30.3828
1 32.104 93.8432 48.1842 55.5168 5.2212
1 255.803 220.148 81.533 83.806 73.4721
1 110.405 112.663 59.7009 68.7917 61.5521
1 36.4529 38.9261 51.4313 69.2539 46.9702
1 42.5733 232.361 51.6385 73.5092 28.9321
1 188.581 105.436 69.9927 81.9945 41.7476
1 147.274 48.1005 59.2639 77.9007 -30.3477
1 93.8139 136.535 35.0984 87.5716 -55.1127
1 69.8471 48.9993 75.1241 79.4247 17.796
1 255.494 259.088 35.1062 45.6347 89.535
1 226.52 168.49 32.1265 48.7131 -54.7616
1 197.695 86.1285 23.7978 54.9106 34.4371
