51.1506
1 143.564 142.288 78.1302 90.6014 -2.31657
1 218.615 36.2873 47.6226 63.6432 38.7095
1 42.2234 109.448 63.7397 87.5093 87.8422
1 59.1317 55.4483 55.9924 95.2878 -10.8635
1 250.489 131.157 57.6161 73.4579 -39.3165
1 89.4399 56.2387 20.9841 44.8225 -52.9568
1 226.655 154.602 69.7972 83.6077 45.3166
1 41.7069 232.311 34.3555 70.6427 34.151
1 84.9598 231.526 39.7819 89.0057 -11.4261
1 167.274 47.3479 37.8147 50.8087 -5.2766
1 176.594 181.034 33.8498 65.2259 70.0287
1 212.519 99.2806 29.6487 35.6553 -69.248
1 92.7331 81.6807 40.8811 83.6323 -79.9038
1 62.3113 195.791 63.8788 93.4743 67.5094
1 171.693 21.2993 36.3985 48.6774 32.4479
1 125.263 181.418 57.458 65.5426 69.8228
