51.09
1 69.5069 51.89 74.2021 77.1143 -18.0749
1 250.723 212.358 48.4435 81.9656 33.7477
1 54.5941 249.28 52.4939 94.0351 45.2632
1 135.889 83.534 74.6652 88.4938 -23.758
1 265.492 100.266 58.3639 62.392 -26.1009
1 145.436 190.276 72.3686 90.2257 -20.6161
1 100.609 146.259 48.3802 50.1932 -25.7365
1 58.4732 80.2909 66.2075 70.3829 -39.1409
1 203.56 93.8191 39.7293 53.3512 52.9695
1 235.533 68.2136 54.3983 82.1496 50.1724
1 210.57 169.57 43.3726 48.625 0.0869876
1 189.519 212.118 35.6355 57.422 -75.554
1 135.618 46.1503 43.0187 69.8352 -75.0673
1 72.8653 203.098 54.0622 56.7856 -74.0961
1 37.8636 193.365 58.8812 68.571 70.3714
1 140.222 144.319 32.5814 48.5899 -25.7796
