44.5982
1 253.477 229.218 49.7559 73.4627 -64.9
1 151.523 259.444 43.1271 75.514 -60.7192
1 125.448 85.3126 54.4337 70.2562 -8.36406
1 53.2757 62.6726 53.996 78.77 41.5743
1 246.515 112.276 58.3347 62.0998 71.1531
1 72.2621 164.362 31.9443 44.5961 -8.75719
1 78.8699 116.52 44.3279 82.8502 -25.4153
1 190.968 135.955 51.249 56.5232 28.0829
1 228.347 249.709 41.4395 75.992 15.2105
1 92.5613 217.219 53.4148 61.5578 -4.17461
1 121.538 137.291 58.0573 71.289 -66.6923
1 193.457 91.1946 35.2266 39.7026 1.90068
1 213.466 197.248 38.0046 50.3899 -68.2105
1 246.739 148.43 40.4589 67.6236 32.2347
1 174.212 201.077 49.8276 62.2334 -60.9368
1 67.528 268.308 36.3049 52.0139 -77.0754
1 273.838 67.5015 35.3093 38.4537 -53.793
1 254.532 52.2853 34.1886 38.4952 57.0428
1 72.4771 47.1449 34.0081 45.1807 28.1437
1 63.9064 224.281 63.5645 64.9074 89.2417
