54.499
1 124.205 59.6864 63.5774 67.3503 44.4817
1 249.955 196.473 29.7938 77.4794 11.7343
1 179.57 239.267 45.6478 51.3541 3.91105
1 180.467 45.9386 34.5005 75.46 43.4142
1 237.541 152.211 40.5963 70.4088 20.7857
1 258.346 117.373 61.9211 69.8087 20.5345
1 139.536 208.131 58.3474 84.6504 -80.4587
1 84.9096 171.212 60.5585 82.9959 -42.845
1 154.477 148.25 64.3456 72.2847 -65.1243
1 64.5126 111.419 34.0602 40.8853 89.5038
1 72.0892 227.441 41.7693 69.5547 -13.9642
1 20.1748 131.499 34.3021 47.5655 -59.9746
1 113.907 91.5072 48.0195 82.745 -63.6548
1 178.636 179.485 33.9981 62.3288 -72.9016
1 160.118 78.0126 33.3466 40.8749 -36.0629
1 63.2829 173.144 46.0418 75.5006 86.7252
1 221.587 107.649 39.3538 76.1685 49.3416
1 234.426 208.238 38.2804 40.3775 -26.0451
