43.1295
1 105.531 55.2405 59.7981 81.5761 78.4212
1 237.565 258.348 62.2987 100.075 -8.13978
1 222.604 147.236 71.5552 97.619 60.5581
1 154.477 257.389 52.2634 114.466 -13.7027
1 74.5023 156.425 52.1634 96.593 -1.06938
1 216.619 89.2922 64.4522 76.4886 65.4053
1 141.698 130.604 60.0133 92.9851 28.1175
1 106.562 201.739 50.2124 61.8522 32.5258
1 170.391 224.139 67.2525 69.3249 -88.0591
1 260.317 111.598 55.9023 62.4272 37.6762
1 70.4028 240.178 34.4711 70.1805 -63.9192
1 56.5376 225.298 42.2559 46.3951 33.5599
