49.7389
1 132.399 157.308 43.5656 73.672 -20.9384
1 139.437 46.3007 52.1131 70.2138 66.3258
1 229.403 29.195 37.4686 63.2313 43.8237
1 40.393 164.159 34.1465 63.7898 79.932
1 72.528 25.3142 41.4285 51.7591 24.6478
1 271.521 41.1784 34.4562 62.2961 74.2644
1 209.101 195.672 33.8844 58.0467 -45.3937
1 233.548 64.1693 39.8205 59.339 68.4908
1 175.52 62.3026 34.3652 42.1686 48.4713
1 177.346 132.346 37.6602 39.9358 -29.843
1 124.743 101.6 40.2431 74.7788 -8.40232
1 231.502 144.169 48.9011 54.9609 55.2149
1 207.204 252.492 50.6133 65.648 50.5195
1 147.606 170.999 49.2026 64.1101 45.8517
1 33.0478 216.569 36.0379 47.7654 -41.0588
1 87.5563 108.529 56.1924 58.0492 -29.1483
1 54.6287 58.2086 53.831 62.5749 66.4311
1 74.512 206.273 48.1348 60.2632 -12.2613
1 77.4724 251.297 42.3172 70.0383 39.2665
1 109.997 258.668 33.6311 75.5115 -6.5714
1 232.504 120.315 40.288 46.3798 -33.0499
1 260.723 242.357 37.4064 53.2947 -40.3346
1 247.508 270.176 31.5911 35.8003 37.0579
1 228.784 214.335 32.0166 63.8755 -4.59227
