45.1962
1 104.487 244.251 80.2639 94.4534 -70.5958
1 259.383 90.2833 38.4598 59.952 -43.9115
1 139.556 196.193 48.391 68.2982 56.6034
1 36.7442 59.6526 26.2141 59.8758 -88.6068
1 73.4386 132.217 68.3692 92.1479 -70.7117
1 194.234 138.588 41.075 91.4261 -80.3135
1 106.25 67.582 39.8548 77.6222 -15.6516
1 99.315 143.297 27.7178 83.9464 -60.9979
1 217.313 70.6341 40.2635 63.9137 -83.6202
1 258.813 115.418 33.7415 68.9477 25.9143
1 167.942 86.7226 54.823 67.2679 -65.4527
1 207.669 230.044 35.202 38.0617 8.09367
1 42.1092 48.2277 31.8047 79.3438 -80.1774
1 215.45 130.379 34.2992 52.1941 11.2071
