42.8611
1 45.4072 201.294 78.2394 100.306 -48.3004
1 136.59 218.269 97.938 98.2134 -10.1532
1 187.452 72.2828 78.3649 98.2833 -34.0631
1 96.5001 80.2999 67.5251 85.7078 -30.3038
1 211.484 262.186 60.3876 76.1368 -57.2262
1 207.463 201.074 49.5417 77.1493 -55.8705
1 262.076 249.199 37.8729 43.2174 -2.87506
1 142.527 135.377 39.9782 92.9346 0.572793
1 73.5245 167.308 57.8306 61.5639 -15.5419
1 253.802 47.9118 34.7685 50.7201 27.3613
1 114.883 45.7377 35.26 78.3504 -35.2499
1 70.5975 50.2531 36.593 56.2435 -43.2212
1 206.666 31.6723 49.9144 62.043 3.4638
1 230.606 85.2638 29.5405 47.219 86.8384
1 160.482 150.306 38.2801 46.164 -16.4996
