65.6656
1 141.535 139.327 47.9025 59.5245 16.1066
1 146.03 78.9852 63.9391 69.534 -22.4624
1 27.4665 138.284 37.7712 61.236 -78.5125
1 218.236 48.6438 41.3461 60.0064 -56.7243
1 107.425 39.2158 45.4021 47.4395 -63.6412
1 31.4981 78.2083 29.7809 39.6159 -58.5282
1 237.545 210.29 43.6959 45.7096 42.8661
1 65.436 227.754 44.517 65.4496 1.43062
1 178.399 29.515 52.8978 58.1517 10.0589
1 57.2734 194.295 42.4004 45.981 -28.7804
1 237.349 101.36 48.192 51.8496 13.6047
1 272.528 271.969 44.5775 46.7789 -48.1948
1 129.343 235.359 41.9891 53.1066 9.50926
1 28.3856 216.382 40.4493 51.8756 -24.4312
1 148.52 239.263 38.3686 46.042 55.556
1 68.6072 75.2281 34.4276 70.3495 54.62
1 263.161 113.026 48.95 52.0788 -2.64044
1 69.4937 104.399 50.069 62.049 -5.23934
1 271.831 81.362 39.3629 54.0846 -71.7862
1 233.813 240.57 39.9608 72.2868 24.2632
1 147.938 194.568 34.3527 36.453 -11.6148
1 174.77 199.832 34.0454 39.4503 -41.971
1 169.462 180.202 39.3914 39.6068 32.5927
1 172.282 191.635 20.5449 31.5118 -10.9772
