53.7536
1 110.443 131.583 62.5118 68.4735 -54.1245
1 240.517 234.404 63.2163 65.5975 5.47966
1 275.885 98.917 40.6687 43.2166 72.3121
1 174.732 169.06 51.7606 58.091 9.83204
1 113.506 201.23 52.3014 66.3538 -51.4424
1 249.541 187.193 35.9487 50.3198 15.7895
1 25.341 193.028 48.3121 67.3532 84.625
1 198.464 228.132 42.3191 59.9275 -41.6002
1 60.6952 195.903 33.5639 56.6548 -41.1188
1 187.971 265.316 34.2977 49.858 -40.3384
1 71.5179 67.1764 54.2282 62.1124 31.8391
1 259.567 134.251 29.5544 45.717 61.54
1 37.1938 101.423 36.1249 70.1044 -8.36909
1 179.101 98.7795 48.2186 62.6984 -58.1041
1 206.747 86.426 42.4999 53.4377 49.7622
1 73.5265 275.19 33.4021 56.7204 -18.6187
1 56.5481 110.927 33.4238 57.4997 -55.2032
1 145.433 274.596 43.8488 52.8912 -14.4571
1 94.1937 267.397 40.1775 61.1139 -30.5518
1 137.6 220.24 44.494 56.3616 53.888
1 121.986 87.5053 38.4765 71.8554 41.0267
1 160.447 183.761 34.988 43.2084 39.3338
