42.5659
1 255.445 114.242 55.6587 59.5995 -40.556
1 200.952 82.7855 50.4934 65.4274 58.5949
1 133.396 198.301 42.5554 74.0268 -37.5761
1 114.454 39.271 66.4445 70.1671 -65.93
1 117.396 259.296 34.2458 53.9972 -69.3608
1 32.4892 66.961 34.3809 66.0576 -75.2105
1 153.999 237.523 53.7533 64.9097 -2.47103
1 39.809 236.964 60.0566 66.3436 -27.6612
1 144.872 36.7209 60.8647 66.1211 10.5185
1 274.584 47.2504 31.6642 55.6505 65.5136
1 132.679 83.7027 36.316 72.8563 72.7957
1 209.482 196.13 38.3892 78.3009 83.1304
1 250.563 253.281 49.6908 53.4765 48.7058
1 67.5645 228.206 39.7853 63.1518 85.6842
1 233.52 197.221 51.7427 55.5354 -59.0037
1 35.4626 111.194 42.6006 64.2201 -4.78208
1 95.5552 161.18 34.2604 56.3946 67.4511
1 106.422 133.752 50.8443 64.5359 -4.16501
1 49.7917 174.257 39.1936 60.4465 34.9827
1 65.5719 92.0366 44.2573 65.4749 84.8304
1 214.521 251.063 34.5602 54.46 56.752
1 253.709 59.1614 31.9741 53.5986 64.6097
1 161.157 142.841 30.1094 54.7124 -21.9151
