43.4716
1 44.5979 86.3054 78.3938 92.5303 58.3488
1 248.392 198.276 57.5206 75.6998 -0.822841
1 106.579 267.233 55.5934 59.651 -66.081
1 34.4598 195.215 62.3748 92.2646 -80.9416
1 174.399 164.251 80.0542 94.2307 -9.93274
1 170.382 222.162 46.1208 85.0816 -13.662
1 143.503 42.1176 45.2133 47.7266 -3.21231
1 123.091 191.389 34.3169 85.5093 61.6392
1 243.38 94.7347 36.4402 82.9896 63.1286
1 63.5639 206.448 55.4156 63.4648 -78.3431
1 144.687 77.9196 35.1983 91.0833 -6.34894
1 260.654 121.368 45.3499 69.2004 -88.0866
1 52.6233 259.967 46.9846 56.2755 4.56989
1 76.4901 115.122 37.8679 61.3803 -79.2933
1 270.179 101.279 34.6887 55.269 24.2467
1 109.461 76.9534 42.0534 44.0601 29.6197
