44.3936
1 79.5126 242.124 40.4265 92.1352 70.9314
1 235.395 271.328 47.8564 85.3911 -8.07375
1 159.924 258.688 50.0013 98.9785 -19.886
1 170.995 74.006 37.6449 49.4072 -69.6992
1 158.847 64.347 62.182 75.9815 53.9495
1 25.5847 166.24 37.7222 43.8443 19.0799
1 70.7074 111.396 35.7299 45.8863 9.97905
1 218.345 207.402 53.6444 76.1489 -60.4128
1 116.378 146.31 39.5071 87.5978 -38.4671
1 219.86 151.823 35.2506 97.5156 -29.0865
1 199.116 35.517 38.9802 41.9145 34.7188
1 103.433 182.335 34.3602 60.0765 -46.8522
1 185.468 207.348 36.4544 74.183 -4.92737
1 75.7005 155.716 51.5902 57.0064 27.2536
1 184.061 138.995 40.0338 61.0787 35.2282
