52.8226
1 86.8343 259.223 71.9612 76.024 47.128
1 262.94 213.625 52.0151 71.1097 -25.9551
1 201.52 129.238 52.2949 62.1046 85.0991
1 57.5979 70.2654 47.4448 67.7823 29.5108
1 173.479 28.1311 33.8174 51.1423 70.7519
1 108.631 102.359 54.2087 69.7694 -6.03129
1 276.65 118.333 38.243 53.9198 79.9677
1 212.523 172.152 36.4096 60.3083 73.4942
1 164.994 208.393 42.0908 62.3587 -21.7266
1 46.9318 192.517 37.7453 71.7824 16.1581
1 180.438 233.271 51.6251 59.4325 -58.5822
1 103.508 230.002 47.7458 73.1369 72.4213
1 80.9516 168.284 31.7271 42.0289 8.89242
1 189.17 73.5466 44.3369 51.2339 -56.9956
1 261.501 68.3421 29.6729 57.306 31.8374
1 147.574 154.255 34.499 44.0227 59.4754
1 130.584 55.4354 33.8661 53.2363 10.8281
1 212.425 53.2085 33.402 51.6251 -51.6291
1 246.51 102.089 36.4072 56.6391 -79.2712
1 44.1204 150.441 40.6572 42.1608 55.6012
1 156.905 142.04 36.8627 40.0007 2.21944
1 280.53 191.308 36.2982 38.4325 34.6292
1 73.8762 118.015 43.8849 57.0081 56.1888
1 112.57 53.2357 36.4929 42.0346 11.8089
