42.3167
1 88.544 181.637 67.3311 88.6531 -74.1268
1 167.51 57.224 63.7506 83.5816 73.9795
1 58.0032 248.526 34.3525 75.6995 -24.6701
1 34.4989 138.132 42.1524 68.2574 89.3315
1 254.497 234.082 53.7117 69.9375 48.2686
1 127.426 88.3311 52.3352 82.2779 -30.3853
1 177.472 258.151 48.0684 62.4725 -71.5513
1 114.524 34.3106 31.8129 41.4545 -8.74702
1 90.2767 154.386 40.1216 93.3565 8.4978
1 200.963 122.234 54.008 57.7508 -48.6585
1 165.336 184.302 34.3474 58.3032 -28.2271
1 219.418 79.0459 37.8289 66.8066 89.5595
1 189.401 194.244 29.5478 95.272 -56.5144
1 139.011 252.51 47.4517 94.6027 23.5819
1 270.449 195.378 37.9447 47.2523 64.2475
1 240.782 189.524 33.8067 46.3219 22.1711
