36.9732
1 63.2231 58.4674 77.2555 89.5664 6.21439
1 188.849 170.458 65.3288 77.2165 -11.6473
1 144.475 257.281 67.7258 69.5882 -56.2175
1 218.72 70.9389 75.5521 96.5356 -8.84591
1 118.302 65.4085 39.7587 69.3366 -21.1166
1 90.2181 154.573 66.0991 70.6883 -9.02762
1 236.444 241.107 40.3773 94.4027 -61.5681
1 150.495 135.156 36.4303 54.1493 -78.9683
1 86.168 228.498 59.975 74.4145 -0.0725947
1 254.379 269.348 47.6707 73.5933 -25.2067
1 55.3615 139.392 45.8363 70.356 13.7408
1 52.4639 252.257 36.507 48.0887 -36.9192
1 232.515 120.206 60.4706 62.1983 -26.9854
1 219.731 275.481 41.6489 65.8482 6.78936
1 90.6074 124.503 42.3492 46.2676 -10.4579
1 241.542 60.2119 37.5852 55.5963 44.9468
