57.4663
1 209.537 76.2394 66.0887 74.2299 4.76278
1 219.51 256.268 43.5491 55.7517 -70.3849
1 96.4201 236.297 42.4922 64.0488 -43.5398
1 200.507 204.981 49.7534 69.0357 74.6535
1 259.161 119.885 38.0895 57.6983 75.0163
1 50.4899 258.054 58.9064 77.9585 -2.21413
1 154.962 151.961 64.4694 75.8151 -44.4542
1 28.516 111.21 44.4204 75.9124 70.5091
1 155.37 44.3906 34.3174 52.4723 -20.718
1 35.5832 233.281 48.3624 66.4861 28.5978
1 220.539 132.832 37.757 49.1139 76.0758
1 58.4631 46.1293 59.9197 66.3346 -36.5195
1 77.4883 162.389 49.9673 70.0817 41.8928
1 250.453 189.199 29.6841 37.4426 -81.9158
1 115.095 58.5031 35.5936 62.7883 -33.5388
1 273.286 161.687 36.079 69.0454 65.7387
1 123.656 135.455 36.2568 51.5451 -35.469
1 36.6715 49.5344 47.8158 54.6084 54.9625
1 59.5187 111.048 62.3968 68.1962 -51.0674
1 33.7716 158.928 31.2066 39.9237 -67.585
1 168.412 207.031 32.8007 35.5508 -73.5574
1 115.51 73.2736 33.5176 37.8797 35.4269
1 136.411 188.513 30.9738 35.7998 30.5019
1 184.706 237.441 31.5451 42.8593 -41.1801
