36.8532
1 116.802 219.086 61.1119 78.3077 86.0117
1 202.562 140.153 39.5263 93.7804 54.3432
1 176.571 204.344 39.8069 71.3904 13.98
1 164.765 129.135 63.725 70.4056 -3.51716
1 67.5027 105.208 51.6879 55.6147 55.2578
1 22.6422 226.345 40.5958 58.2302 67.8334
1 228.529 70.2426 42.4486 78.07 15.547
1 49.563 76.9317 45.8807 96.0728 -35.54
1 20.3113 99.3931 33.9172 50.127 79.5941
1 211.401 28.5712 39.554 67.2735 38.8752
1 108.257 26.6846 41.8873 85.1911 11.4271
1 132.356 53.6489 37.9607 63.0266 59.7909
1 50.7889 239.417 31.7145 48.807 32.3415
1 192.602 60.3369 44.0925 79.5476 -64.0799
