40.8099
1 63.5285 207.277 73.4129 73.4964 -56.6725
1 178.116 135.464 80.7445 83.5236 64.4076
1 36.2755 65.993 45.4348 76.1658 80.6485
1 117.046 113.609 35.8111 82.6779 2.64049
1 138.697 159.371 50.2991 90.896 -7.66174
1 160.516 152.868 29.5312 49.2905 34.831
1 212.565 244.267 46.4832 88.1217 60.369
1 178.929 226.699 77.8614 77.8922 -41.3877
1 72.4964 44.387 33.2149 80.6943 79.146
1 83.3743 70.4643 36.0151 63.549 8.98192
1 229.655 27.6906 43.4673 51.9017 -0.240824
1 276.732 195.391 32.7822 33.5732 -55.6732
1 115.668 252.087 43.9969 80.9367 -74.9346
1 245.99 197.491 29.6714 66.4144 -14.4957
1 213.108 32.4595 37.82 42.9041 33.4278
