36.398
1 106.435 102.215 72.4283 84.2437 -63.1246
1 95.5471 258.264 50.4894 64.1187 36.5915
1 221.651 234.28 50.575 86.0056 39.1866
1 270.304 97.7914 38.9219 50.0722 21.162
1 218.513 167.212 92.1473 112.161 -29.5319
1 106.446 198.3 85.62 105.698 -73.5224
1 230.434 76.3313 46.7031 94.0104 -32.4048
1 170.193 136.139 45.5027 66.2187 -78.22
1 52.1127 182.774 63.4431 85.4661 7.84533
1 121.518 76.2533 62.5096 64.1894 -44.6851
1 255.503 34.0743 33.7963 35.9773 16.862
1 50.4391 221.307 38.1946 50.0775 -84.578
