43.7353
1 237.509 235.301 77.6875 79.5197 -58.7494
1 200.401 112.261 57.5343 81.7092 -49.6994
1 145.177 238.863 85.6246 91.7077 -8.44731
1 51.4133 100.235 37.5964 63.5298 -56.3007
1 96.5233 41.1718 43.4315 65.5466 31.3005
1 103.338 185.471 71.3728 88.6833 -13.0421
1 54.7449 260.368 52.1877 61.5469 -44.143
1 252.61 116.24 41.5621 57.2537 74.9989
1 144.808 74.4439 34.4693 57.512 50.4411
1 24.4994 93.2323 33.7421 53.5654 -68.6691
1 107.411 76.2576 48.1405 60.2391 -74.7092
1 174.505 198.299 36.2542 87.2521 -47.1354
1 255.11 204.22 73.0184 80.7428 -76.1417
1 53.2643 235.777 42.8257 47.7019 59.2773
1 132.49 163.295 46.45 66.3384 -32.0861
1 239.504 79.1964 42.3522 48.3983 -62.2294
