57.3283
1 210.395 98.3782 108.025 115.645 38.4742
1 237.581 269.347 50.4359 100.333 5.40629
1 88.508 179.208 37.4584 57.7353 -54.0959
1 192.083 252.387 63.8113 107.839 2.63364
1 77.8338 61.7139 36.6494 100.96 -38.4056
1 158.498 58.1045 68.3267 103.828 62.6732
1 268.692 223.32 33.6296 64.3278 -78.7855
1 31.5444 76.0013 36.0327 44.3027 -83.129
1 163.475 172.099 40.2846 113.02 -78.8133
1 138.282 110.668 61.5766 116.891 -37.0849
1 223.113 218.168 38.2412 41.4374 9.84974
1 217.449 260.932 33.9342 58.0903 -27.3536
1 49.4018 162.294 38.5306 69.9124 -9.76205
