38.026
1 43.4906 77.1181 41.6167 81.8016 -66.1448
1 219.567 48.2774 61.7083 65.5646 37.4472
1 210.413 252.288 55.7088 73.7553 -15.5595
1 184.623 173.321 58.1853 72.007 17.9327
1 121.768 251.616 49.9214 77.4684 31.692
1 253.201 125.278 38.3442 60.8545 9.99568
1 123.466 81.216 50.4278 82.3402 -26.6629
1 269.527 27.309 37.6873 43.5676 -25.8419
1 71.2771 260.875 54.5312 74.4502 -65.6966
1 175.426 240.916 37.7348 69.4144 82.7422
1 156.338 76.4108 46.4084 47.3768 53.7484
1 247.499 155.056 33.6941 47.7027 71.783
1 123.776 147.413 36.2261 76.8042 20.4243
1 258.576 216.246 36.5429 60.0877 41.5967
1 278.471 233.145 33.7618 49.439 -68.2157
1 172.458 138.295 48.433 50.3733 -46.2575
1 85.59 33.6904 40.1969 46.3112 29.7185
1 106.386 39.1045 31.2287 60.3732 -2.40827
1 128.724 170.212 33.7802 52.1292 -16.6876
1 69.5951 222.699 35.1854 63.387 26.226
