45.7968
1 151.448 127.092 43.2977 75.6232 19.5044
1 56.4939 55.2606 47.5896 61.5108 25.6354
1 90.5431 269.363 42.2864 82.439 24.1314
1 233.233 137.683 76.8669 77.9943 76.7028
1 277.468 91.1552 33.6078 55.5541 -76.506
1 107.564 162.234 37.5196 51.6444 33.854
1 175.541 171.15 38.4584 62.3524 26.0287
1 267.507 259.159 37.6728 49.6466 75.302
1 218.6 228.335 53.5393 65.944 20.416
1 138.438 251.238 51.9043 71.2611 68.2875
1 54.5966 196.237 44.5916 82.2638 29.4162
1 192.56 73.3388 56.139 72.4088 16.9671
1 51.449 126.262 46.3882 80.2637 -28.1443
1 149.274 271.132 33.8484 74.672 -16.0842
1 88.3215 93.4371 36.1166 37.8346 54.5886
1 159.427 69.386 45.9688 52.5511 43.8664
1 186.994 45.1876 35.8728 58.1395 39.6227
1 239.011 212.636 68.9485 73.1311 -71.6152
1 97.4995 203.952 49.91 50.7519 -87.3174
