55.9336
1 88.4652 47.2851 78.2397 82.3872 27.5171
1 117.914 160.362 59.446 63.1716 -14.3808
1 198.224 206.119 68.3116 74.5387 -69.597
1 241.501 156.299 50.3452 58.1292 10.8506
1 64.5535 191.238 36.4782 50.0185 53.3796
1 42.5469 276.212 33.1087 36.2759 -3.08664
1 187.512 159.242 37.7995 41.3982 -46.4283
1 231.301 44.7143 38.3767 64.0227 26.6122
1 64.9623 256.517 45.6222 60.4065 22.3601
1 62.4949 88.2866 36.3276 48.2593 18.3593
1 171.6 101.335 43.5598 73.9211 44.7456
1 121.536 54.7804 41.1448 83.242 -4.0791
1 165.468 232.176 31.7487 47.5487 -78.1315
1 268.436 45.2101 45.8664 65.5622 -71.1198
1 261.966 71.4503 58.1195 65.5206 55.8607
1 76.3586 150.363 40.0089 42.1768 56.0442
1 100.071 127.132 35.8032 45.5968 -4.60905
1 35.3851 216.336 53.794 66.5001 47.6204
1 154.705 116.794 33.4391 47.303 -63.1001
1 227.208 119.382 48.1512 62.0281 85.7568
