50.5678
1 221.234 233.441 63.841 84.1046 20.4231
1 242.551 198.15 77.73 89.7706 59.6552
1 167.557 130.286 47.7667 77.5216 51.8618
1 117.329 159.405 39.5879 84.8643 -7.59772
1 72.4981 37.1253 53.1778 69.807 25.0833
1 255.504 116.237 80.2149 84.3514 20.2651
1 245.484 72.3137 46.4064 70.11 -31.6909
1 29.2844 35.7833 42.6991 66.8469 57.1369
1 199.256 55.4002 43.7587 54.8713 -39.3649
1 126.564 229.392 54.0881 64.1084 -22.6356
1 78.7755 217.567 44.4434 76.6849 -50.6843
1 49.4963 83.5587 44.0787 65.9486 71.5495
1 216.456 34.2895 34.2357 48.3183 4.25191
1 103.797 92.535 40.9273 69.0925 27.589
1 146.471 172.181 41.4152 88.0413 62.223
1 114.516 114.243 35.6332 37.6655 -37.7326
