40.8351
1 152.643 87.2758 84.5066 86.3717 52.8703
1 88.5134 184.229 77.88 81.3206 -79.9843
1 256.41 196.578 47.8607 72.8243 80.0686
1 163.496 145.914 40.2262 74.9136 -87.6717
1 52.4675 64.3064 39.4439 77.8368 -69.11
1 218.452 76.3667 48.3483 82.2356 -4.87034
1 25.5609 141.204 35.748 43.5003 -13.3798
1 70.0193 111.575 26.9833 67.5021 -16.1586
1 200.394 211.189 35.3814 49.8763 -24.9872
1 26.0652 33.4373 34.0518 40.4716 -32.6176
1 258.494 158.322 45.6272 63.5847 1.84773
1 238.214 31.053 33.7162 35.7597 71.4648
1 253.431 270.869 48.3304 53.4535 -51.6219
1 216.534 166.31 45.8201 51.2558 -54.7872
1 202.516 44.0344 40.7493 84.7395 59.0052
1 64.7759 225.456 37.8864 74.0508 7.45281
1 230.527 262.176 42.2892 48.3842 61.8407
1 152.343 222.339 36.4151 69.8004 -37.5907
1 27.8874 72.3553 34.2313 36.5769 81.7133
1 104.805 216.817 33.4113 78.0108 -41.2698
