39.8048
1 75.5656 248.339 41.7605 63.5891 10.8923
1 213.478 44.2276 38.6473 79.8705 -52.6633
1 128.547 188.248 46.3915 50.1423 63.5232
1 52.6454 177.83 60.4375 87.8293 34.9752
1 171.397 108.059 33.9926 75.0167 -85.4046
1 108.605 102.104 53.6047 72.4431 -22.5325
1 105.424 51.3406 38.2008 54.2352 3.43216
1 233.335 85.3487 34.3535 78.2914 -28.0427
1 126.653 212.349 29.5619 67.6798 24.6105
1 252.156 63.2705 47.1679 57.2256 81.8475
1 28.5096 227.202 37.4537 39.6011 -26.6317
1 40.4974 129.182 34.3624 52.0473 -86.1572
1 122.498 134.27 38.2699 50.1859 -6.15514
1 250.547 214.003 36.6219 85.0429 -41.9821
1 147.105 51.7551 44.5025 72.6919 71.8277
1 23.6115 252.171 33.6191 47.5006 55.2655
1 201.663 170.348 40.4273 78.8884 30.4972
1 219.5 233.136 54.4127 76.2312 -64.0641
1 225.107 258.603 40.468 68.4869 56.7386
1 228.865 168.645 41.7638 65.0505 49.2494
