61.0003
1 244.77 213.598 72.9604 77.3387 -67.7765
1 156.555 259.24 40.2592 60.3847 49.0496
1 56.5263 126.142 31.6091 69.5502 64.3387
1 248.595 57.8019 63.9574 73.4589 -37.7238
1 272.634 104.532 39.9329 42.6575 62.972
1 185.527 207.231 39.8369 51.627 72.0503
1 47.1912 239.431 38.3039 63.6033 -9.6679
1 216.507 155.254 58.1695 60.2636 45.0988
1 67.53 36.0354 33.5562 43.2016 65.0359
1 142.427 153.265 47.5337 79.8711 -58.077
1 247.513 153.521 36.7598 84.007 4.56483
1 204.34 80.371 43.978 46.4476 41.75
1 139.536 89.0615 34.4786 43.8741 -72.9344
1 83.5004 79.6695 43.7747 50.2631 -66.8077
1 126.097 263.37 39.6039 40.982 -55.2542
1 118.632 114.467 34.0682 52.5494 25.4141
1 86.5297 223.281 46.4217 50.1893 50.9565
1 58.6946 74.7628 35.98 43.9397 -5.59248
1 73.5538 191.431 44.5367 62.616 74.5029
1 113.708 167.591 34.5984 44.8069 -59.3668
