43.7483
1 37.5678 234.254 47.5548 71.777 45.832
1 252.755 196.799 67.6538 77.7329 26.6396
1 76.3139 23.3498 29.4984 67.7871 -24.3688
1 46.5022 204.254 39.3049 39.5003 -40.7488
1 72.465 144.256 78.2483 82.2623 57.1327
1 100.584 202.204 46.4681 78.3968 55.0099
1 222.472 246.607 54.2029 63.4422 -75.0109
1 251.528 259.238 50.2843 66.2566 40.6002
1 179.638 153.396 35.5299 49.551 48.778
1 121.574 164.873 55.1773 66.4019 -9.4167
1 110.394 77.2549 53.8895 55.3627 79.6703
1 198.93 82.7514 35.9082 56.8911 -20.5431
1 233.979 134.492 42.4696 85.3342 31.2697
1 61.8682 65.6185 32.8442 69.9166 46.0751
1 262.456 74.1744 36.444 61.8204 -52.1045
1 245.356 75.2877 37.3305 49.2054 88.8755
1 119.535 113.746 37.7277 61.6627 6.43972
1 170.532 138.282 34.4802 36.0272 57.4134
1 254.522 119.183 35.859 49.3096 2.47892
1 191.451 58.0587 34.187 38.8779 84.7239
