34.7171
1 96.5348 247.278 77.61 111.645 33.9067
1 40.4642 180.235 57.6948 63.4928 39.1285
1 230.488 260.366 53.6772 76.7587 34.0751
1 39.4061 110.415 53.6152 86.4348 40.89
1 72.6065 65.5822 69.7542 80.7859 -46.5885
1 241.465 115.334 75.574 97.707 12.8732
1 231.487 50.9999 37.955 60.8738 71.6605
1 127.17 221.843 45.3987 118.224 37.0762
1 98.7554 97.5018 42.4973 113.257 -10.2403
1 209.651 177.624 62.3377 67.1758 10.317
1 182.726 162.389 40.4184 106.514 22.5925
1 193.554 262.095 34.2049 52.5625 76.8315
