36.619
1 226.538 204.249 83.5532 103.773 40.2577
1 233.468 110.224 68.4087 106.133 -53.1106
1 126.526 224.013 64.3094 107.715 -68.5616
1 126.596 88.2738 66.5345 116.085 44.2691
1 98.2202 140.546 34.4854 92.4152 -45.4473
1 57.4797 98.1374 46.2086 72.6536 -75.5417
1 134.486 25.3356 35.7687 63.2383 2.30118
1 92.5033 215.303 60.2737 80.4078 9.04834
1 210.812 64.1382 48.8751 66.2028 -68.6952
1 75.5187 38.2486 66.3716 68.2315 24.1626
1 163.405 168.194 29.5362 53.3725 -53.2675
1 122.323 173.63 34.7802 38.0733 -2.23173
