41.046
1 32.5565 267.219 57.7171 59.7246 -51.4702
1 37.495 108.273 44.4918 64.2852 -71.21
1 73.8783 146.59 39.7127 63.1064 39.2322
1 160.356 63.6304 52.4854 66.4016 -40.0967
1 219.017 175.574 51.8126 62.1745 -49.6105
1 49.4789 178.825 35.6803 68.8993 -1.64106
1 148.485 230.262 56.6163 76.211 58.4071
1 218.587 127.277 33.7704 71.5197 65.3964
1 189.485 33.2545 36.4198 38.1874 -19.4968
1 174.513 146.012 41.7918 50.9602 -84.4962
1 107.356 94.7174 36.1874 50.7665 62.259
1 264.518 151.291 41.6884 45.4065 8.41355
1 132.613 144.265 35.7826 37.6843 -42.838
1 69.1202 223.585 35.9416 70.722 -13.3821
1 232.844 67.5901 33.3236 77.3253 -30.3644
1 263.932 70.1689 39.2882 63.9106 30.3447
1 263.155 226.437 37.6453 46.5222 -17.5001
1 104.283 252.141 52.578 59.6123 41.7228
1 165.568 267.334 33.7625 43.335 14.4764
1 105.275 48.0752 43.5696 63.7923 -9.84549
1 164.651 170.402 41.7378 45.2184 -87.8262
1 235.424 247.291 33.9958 50.2648 74.6019
1 232.485 222.792 34.6527 37.552 -8.33033
1 77.6165 70.231 36.054 38.3594 -1.77301
