36.4872
1 242.398 111.255 47.7284 61.555 -38.9584
1 176.227 53.5408 45.9789 91.8917 -25.1864
1 173.421 120.087 46.299 95.9075 -63.8282
1 26.5485 162.247 50.443 58.4187 71.8298
1 49.5353 221.145 39.6216 89.2412 81.2117
1 108.497 142.163 38.3154 58.1064 -86.6406
1 124.556 68.2622 46.6303 60.1806 -63.3651
1 220.631 140.418 33.7637 51.1634 29.6657
1 137.548 36.3997 34.328 86.505 13.0101
1 48.1627 71.3629 54.7079 93.9289 31.4851
1 205.424 90.448 31.9375 97.4551 -56.4141
1 183.184 208.878 33.9609 45.276 68.0754
1 94.4014 218.273 60.6949 81.9299 -19.878
1 73.6712 94.0412 41.4007 51.4055 79.7916
1 162.523 207.11 51.1833 55.6107 -3.51536
