38.7289
1 267.487 237.117 55.8436 111.283 79.0799
1 142.454 133.309 90.5194 114.056 57.2375
1 155.532 196.9 95.9372 119.627 -85.9966
1 242.451 77.3783 58.3056 112.234 3.11293
1 226.712 262.914 35.8293 70.5946 -69.5039
1 40.4183 92.2397 46.2875 89.9699 -75.826
1 80.7493 186.314 80.4103 109.756 36.731
1 267.511 134.133 34.4386 45.5823 -50.3423
1 240.354 167.338 37.5305 59.1109 -27.9763
1 60.5008 86.1827 40.4294 62.2957 85.0829
1 153.236 161.797 45.474 66.3721 -6.86889
1 183.477 65.1096 42.3611 47.9223 -48.7201
