54.5044
1 259.523 220.187 51.661 73.6322 74.5213
1 33.4928 92.2407 62.349 76.3202 -61.5581
1 124.2 189.638 47.7437 50.4885 83.8677
1 249.489 106.218 39.6413 55.7954 56.3815
1 38.9128 173.506 47.1583 82.7467 -75.876
1 48.5705 48.2715 61.8185 65.5543 25.0409
1 99.5629 125.241 39.7781 68.7837 19.1777
1 28.4946 231.131 48.367 52.5059 -69.308
1 213.225 50.2863 71.6842 74.1369 -12.1639
1 146.446 141.284 50.566 70.1755 82.7211
1 139.643 45.5842 40.5096 58.1776 55.1308
1 191.4 254.264 51.675 63.971 -58.0666
1 184.554 200.169 31.3368 69.1785 31.9913
1 124.325 55.7159 73.18 82.8122 -38.9159
1 241.54 178.218 54.2201 66.1688 -88.7794
1 88.1747 158.329 36.1672 83.194 -65.5523
1 160.485 244.132 62.2692 78.3019 82.8509
1 200.352 96.9511 33.4337 68.7424 -21.8571
1 251.488 43.1335 34.3231 56.1816 -64.3761
1 271.724 162.415 30.0511 51.7409 -15.9539
