64.6731
1 125.486 51.2215 64.3719 74.281 -56.5135
1 94.4631 220.271 51.7538 63.5075 -84.4058
1 29.5282 247.02 51.6511 62.0971 -79.2447
1 39.5291 91.0482 56.0124 76.1198 25.2204
1 223.55 98.3119 70.7425 71.8125 -41.1414
1 203.549 258.069 53.8644 71.7368 84.1054
1 272.395 32.2548 46.1213 48.4981 -5.56345
1 235.573 273.34 44.3559 66.1957 26.7683
1 226.452 37.0289 58.1354 61.9034 50.408
1 73.5457 212.133 36.2022 49.8145 86.176
1 202.364 192.208 45.84 56.2035 75.4018
1 254.761 215.705 33.1075 64.8885 40.5416
1 110.524 154.199 46.1319 62.4039 72.4248
1 61.4124 117.342 44.1249 64.5858 15.1788
1 31.8791 138.734 25.0112 29.5305 22.1748
1 279.259 198.415 34.3978 36.67 -52.5022
1 255.519 90.2207 35.6797 41.6417 46.2192
1 90.4863 61.9585 50.2801 69.0777 67.0485
1 118.581 104.944 31.2593 37.5206 -17.7522
1 248.523 148.916 35.5487 51.6293 -55.3068
