44.8887
1 46.5442 251.255 63.6074 83.6643 52.7064
1 130.577 128.25 46.5435 68.1122 41.3237
1 192.145 172.569 44.118 69.1027 -82.1064
1 188.542 267.197 31.7009 63.4005 65.8199
1 256.45 169.214 45.3532 81.6519 -10.2635
1 236.483 82.3217 33.7231 72.758 -8.51991
1 30.6509 175.281 38.3599 61.9684 39.3809
1 229.35 104.343 50.2761 84.6089 -44.0078
1 116.853 34.4486 46.6021 49.6439 -45.6635
1 73.3615 68.5711 50.1374 60.04 47.1164
1 107.499 241.145 33.5533 69.4451 -55.7605
1 26.0955 140.309 46.15 70.7898 68.0973
1 168.208 235.457 36.3577 73.2278 8.04299
1 122.548 181.192 43.4678 55.8875 -51.095
1 135.348 46.3418 34.2726 54.769 -11.9522
1 243.949 206.205 30.6377 81.477 -67.3423
1 58.5189 144.347 31.7896 39.4593 39.4138
1 104.58 191.199 31.6597 49.8166 54.1166
1 57.4964 73.2063 38.3326 54.1992 83.121
1 146.72 242.42 33.9393 39.7307 64.357
