42.5234
1 258.628 232.004 45.0694 73.7062 63.713
1 66.2392 192.887 86.1374 95.0816 -55.3751
1 155.575 105.751 87.9641 96.1114 -10.5067
1 188.274 146.204 63.8866 79.4254 -43.9138
1 193.53 225.307 59.5813 87.8103 40.2212
1 75.549 29.3027 45.8795 61.4893 59.0082
1 97.0144 215.51 55.9218 81.0879 -0.00693191
1 33.5181 69.3546 42.1932 57.0577 42.087
1 98.455 153.059 36.3329 84.1556 79.8565
1 215.404 81.7477 64.2862 65.8226 4.50589
1 184.498 51.6431 39.3246 64.6794 8.47708
1 99.9193 51.7372 53.7604 55.0561 64.3975
1 232.494 267.319 39.9728 62.1892 57.1567
1 145.156 179.459 37.4972 44.2805 71.5111
1 59.4941 90.1483 39.5074 73.8539 -47.0118
1 203.46 62.9868 16.2314 33.7392 -26.6755
