44.4719
1 224.444 196.35 65.6364 69.3179 -78.0689
1 58.5046 268.365 44.4031 78.0554 4.10432
1 99.3397 223.341 35.6304 73.4907 -37.8043
1 260.11 31.838 39.9137 75.9378 32.1705
1 189.527 130.271 33.9337 51.396 -79.7401
1 58.4595 84.1101 34.4346 70.4691 -61.1199
1 184.553 31.2453 50.2603 66.1768 48.5559
1 115.512 56.1866 33.7804 35.6374 -21.4527
1 206.93 262.462 31.3308 58.368 -24.3825
1 118.769 261.045 52.7593 68.2731 1.08274
1 206.446 60.2085 44.4832 80.2451 -47.2018
1 236.171 154.276 65.2867 79.905 -47.862
1 54.1298 41.615 34.244 67.9497 26.5914
1 175.659 238.336 50.7729 68.1228 -87.1659
1 84.5795 140.258 32.1991 72.8745 -85.095
1 104.57 158.602 35.6576 63.8285 -21.8287
1 21.5928 213.203 30.1621 33.2964 76.1632
1 258.434 71.238 38.315 40.2137 -22.064
1 63.5026 185.442 44.2296 71.5106 -54.6947
1 98.2115 40.0871 31.5238 34.1711 -89.7978
