49.1402
1 39.518 219.203 65.7055 77.8336 -54.1944
1 256.512 54.24 59.6425 63.7774 -29.2776
1 149.529 235.144 49.7762 71.4311 -84.5682
1 51.2592 86.642 44.2505 79.264 -69.5935
1 81.3759 52.6487 60.4872 78.5075 7.16449
1 120.492 88.3684 44.1842 70.3212 -16.5718
1 264.042 119.327 42.3225 59.4299 86.4811
1 224.421 73.3028 39.8972 77.8013 67.5763
1 85.4834 144.287 68.0539 68.4329 7.27768
1 35.0663 146.71 31.7766 38.7884 5.1024
1 150.409 50.1741 31.4125 63.3013 -36.1135
1 260.602 212.498 34.1553 75.8646 -83.2223
1 229.875 132.591 29.9736 52.296 11.2388
1 135.362 172.22 40.7058 73.9523 85.0789
1 205.374 177.334 42.4019 84.2277 -26.8338
1 127.419 229.892 42.4862 48.9282 -34.4328
1 84.1621 166.979 56.5667 73.2381 46.8591
1 257.114 252.643 30.7712 56.606 -44.0687
1 195.473 197.327 42.3366 60.4571 -20.8573
1 233.694 258.501 34.6975 49.2497 -12.1636
