40.6146
1 181.344 224.36 79.7483 80.4347 57.16
1 68.501 71.1744 77.7517 79.5533 18.2959
1 106.547 247.175 36.1672 86.2206 82.3379
1 152.534 46.2391 70.4292 78.1995 71.8666
1 88.6609 190.444 71.7714 83.2516 -2.22039
1 69.7961 198.191 34.3507 55.2741 53.272
1 181.524 78.2264 43.7374 45.5163 25.8284
1 247.574 214.255 47.6022 53.6831 62.6309
1 256.523 269.282 48.3019 56.197 -15.9608
1 219.592 184.15 37.7179 57.857 44.9299
1 200.532 33.1921 51.3472 51.6505 2.50346
1 23.5571 163.279 37.8355 49.6455 -77.1475
1 271.551 98.2645 35.6304 37.3993 72.6738
1 54.5165 40.233 52.0898 56.0768 0.544548
1 246.648 142.218 35.4491 57.3953 -79.5816
1 160.515 186.249 34.1651 42.3588 71.0516
1 219.454 124.735 47.5022 65.9753 -88.8702
1 230.178 277.052 34.741 38.529 -12.7171
1 250.485 79.8171 33.2269 48.7545 72.8729
