67.5654
1 76.3634 264.352 48.3368 118.752 -14.325
1 138.198 231.417 77.6454 106.389 -48.7256
1 111.136 151.715 106.874 114.338 11.997
1 211.34 46.2167 52.2053 90.1363 -83.7741
1 249.9 226.568 50.5319 73.3754 -69.8894
1 152.117 84.7684 68.4901 94.2024 51.2724
1 228.827 91.3103 37.1595 62.2456 -24.9098
1 228.771 215.781 61.8419 73.0289 -27.6451
1 98.4212 66.3847 40.5217 74.4173 -19.3791
1 112.163 42.464 52.5451 63.7491 86.9192
1 73.132 227.346 34.264 66.0617 -30.8256
1 245.621 44.8684 35.5276 44.748 -63.7224
