52.5581
1 178.554 139.33 44.391 68.3064 20.178
1 182.433 41.18 40.3754 66.0942 -64.4395
1 217.94 62.307 57.7405 66.013 -54.6866
1 77.3563 157.228 42.3043 72.3771 -67.5373
1 57.3253 256.353 60.2458 75.9497 -16.1812
1 56.641 34.626 47.7281 75.7606 -23.6606
1 50.6038 81.2769 35.4922 37.5191 -9.6863
1 130.023 98.9111 43.3677 52.1223 -34.4099
1 102.84 250.468 34.3241 73.8508 12.4661
1 238.466 32.3362 31.596 65.3535 -44.7473
1 39.6921 155.357 42.4056 62.5412 55.2837
1 118.493 58.994 39.9825 42.088 -38.8852
1 122.281 200.388 33.8077 60.2845 25.2346
1 258.812 230.706 49.5009 72.1295 -42.0089
1 106.576 99.6375 46.4673 47.7099 -20.2136
1 201.001 195.324 45.0458 70.1389 79.3459
1 235.758 154.387 46.9988 62.9848 -85.3099
1 211.782 251.968 31.5799 32.1289 37.5853
1 245.518 267.454 31.7223 52.4351 85.7556
1 50.435 185.628 41.4245 64.5549 -38.1446
1 69.3286 230.484 32.1563 73.4308 10.8718
1 267.533 179.33 35.5247 43.5177 -34.5462
1 157.02 188.458 42.7236 51.2185 51.0787
