42.7937
1 207.004 207.66 56.2739 61.4977 71.0643
1 213.436 53.3939 46.3188 78.4047 -9.08284
1 117.55 53.0559 58.3316 79.7854 -87.4987
1 72.8268 73.8988 58.9895 80.1044 -23.4141
1 128.398 230.203 34.2781 76.2176 -40.9577
1 29.4973 238.177 29.6439 57.3887 -59.8606
1 194.64 114.288 48.4303 66.263 51.13
1 262.551 184.234 59.8349 67.6324 27.9006
1 118.486 176.19 38.2789 74.2318 -63.3703
1 26.8014 279.693 29.5827 32.3533 29.3092
1 78.558 165.303 44.3102 46.5196 48.7228
1 243.496 31.2615 52.4505 64.3764 54.9091
1 109.566 270.912 38.5284 46.9202 67.5855
1 237.56 118.32 29.6748 31.7198 54.5884
1 105.529 96.4981 45.6502 56.5389 30.0927
1 258.426 49.9788 33.01 67.6393 62.1231
1 80.4234 242.995 51.7399 66.1638 30.6736
1 117.546 150.257 51.9855 55.6545 -30.0632
1 196.466 155.19 38.1058 57.2819 1.19387
1 262.257 153.518 39.6116 50.309 59.4876
1 255.147 33.2858 21.0656 35.4492 41.2466
