53.7258
1 33.5412 139.275 57.4888 59.6241 9.82812
1 198.373 74.2227 56.055 63.0071 -27.3125
1 151.515 184.067 47.7358 53.1422 -64.478
1 237.502 251.32 45.5251 47.3867 68.356
1 185.876 223.472 50.7465 60.4488 -68.0442
1 256.725 149.228 36.3751 68.1724 -75.7359
1 65.3875 270.321 42.1593 48.1895 22.5723
1 139.234 53.7805 37.8333 72.6414 -50.0356
1 219.55 124.053 39.5465 57.695 -73.9933
1 232.552 78.0568 33.5526 35.3819 -87.9346
1 164.573 262.112 29.738 43.6025 61.7641
1 255.254 35.362 33.4827 66.0747 -35.2546
1 96.6344 255.536 34.8834 46.4643 19.0783
1 264.299 218.404 49.8243 53.9432 -77.7878
1 94.6089 218.027 35.1622 69.9951 -65.6911
1 105.628 52.407 34.7852 36.0896 -38.5727
1 239.392 24.279 38.1503 52.2109 -36.6915
1 189.483 126.107 43.9203 45.3782 11.1432
1 235.008 189.703 54.55 65.6696 42.3758
1 106.441 99.3374 36.1403 49.8957 -89.4414
1 50.5459 215.289 48.3688 52.3477 59.2348
1 130.444 102.482 42.7393 64.0465 -57.8144
1 145.154 224.992 29.7978 71.3461 -20.9157
