48.5924
1 35.5398 53.2475 59.5819 73.739 -52.3176
1 113.506 247.748 59.8891 74.4863 53.2491
1 144.53 111.099 49.699 61.5686 73.8506
1 76.5581 192.341 53.4602 63.8963 33.5108
1 137.663 170.568 51.502 74.6609 44.7006
1 37.568 234.334 49.649 67.8106 24.703
1 200.498 162.365 43.7847 59.4554 -32.6762
1 31.4921 269.274 51.7172 53.6274 -68.6868
1 199.251 58.6039 35.1175 54.8025 87.3585
1 190.638 213.232 33.4343 33.748 -21.3225
1 248.107 252.527 34.3837 69.1819 -43.045
1 255.541 92.1761 33.632 53.1858 47.7115
1 97.191 84.6925 57.4302 73.671 44.3779
1 238.384 49.3209 29.7463 43.6152 -8.30498
1 203.388 260.394 32.2073 64.5595 45.4179
1 221.531 191.351 35.7273 41.4062 16.4996
1 82.5605 32.4945 34.0555 48.7467 73.9497
1 250.968 130.223 35.4077 38.516 21.4549
1 145.352 41.2876 43.1599 74.6568 88.382
1 111.469 149.269 43.8967 48.4603 53.3498
1 280.954 109.394 34.039 35.1462 -5.80521
1 217.509 104.468 37.9762 48.9369 16.9445
1 227.994 232.163 39.293 45.5286 12.8122
1 150.578 59.5015 38.8302 49.276 50.173
