34.1988
1 34.1108 205.005 53.3362 55.5225 23.2655
1 76.1136 274.981 36.8114 60.8882 9.48215
1 254.894 91.0447 48.8709 64.9505 -11.2618
1 259.869 239.846 57.1137 70.8245 -38.2919
1 266.006 148.006 35.5915 52.9119 44.9884
1 85.9139 156.967 37.6642 69.3281 52.077
1 46.9977 34.0406 30.948 44.729 34.153
1 154.899 251.969 48.6272 50.9203 -2.9189
1 202.011 270.889 32.9252 38.705 42.2664
1 41.0444 101.971 46.8443 54.6353 45.5007
1 124.988 212.802 31.5795 47.8779 45.583
1 80.8569 217.39 45.4472 47.6405 -19.6756
1 27.2902 56.6922 28.371 29.613 -52.0505
1 268.012 190.084 41.7229 49.2327 33.9245
