45.8748
1 215.575 114.383 41.5998 67.6204 13.2302
1 252.426 239.224 49.7785 69.509 -70.9056
1 255.6 164.327 40.4853 70.1825 30.3266
1 256.496 42.2459 58.1699 64.1026 1.36625
1 82.1812 216.186 34.0134 69.8877 -41.168
1 163.658 77.1008 41.8958 44.8406 -79.7967
1 44.5153 256.383 35.073 47.8769 48.318
1 112.211 57.4592 34.2005 61.2557 -11.8343
1 132.536 110.214 41.6705 49.5239 21.0595
1 211.38 66.9527 33.237 47.4133 -8.11895
1 203.427 251.344 48.4551 62.0145 -37.5389
1 18.5714 208.2 29.5474 33.9065 -55.0814
1 155.598 172.229 43.4767 65.7371 51.6787
1 38.5524 122.063 45.9166 70.2201 33.3243
1 214.415 40.2408 55.8709 70.0808 -25.8529
1 140.365 194.427 34.1397 66.4923 26.2406
1 93.7972 77.3808 38.1899 56.704 21.5123
1 211.525 163.272 44.4098 52.0248 11.6296
1 216.534 218.398 29.9216 51.5282 -6.93516
1 122.13 154.557 34.3744 37.632 36.312
1 178.514 117.086 36.2226 40.5961 -73.7042
1 63.473 130.636 44.4318 44.8654 -81.3819
1 60.7392 184.227 41.6967 69.864 -53.3427
