3.3002
1 197.988 206.029 63.056 75.1257 -30.3463
1 133.007 181.011 42.8608 69.2775 -13.2251
1 105.923 237.028 49.2944 75.0304 75.0474
1 266.984 264.065 35.1744 69.0506 -64.3817
1 152.073 53.1217 67.3806 71.1483 16
1 250.734 127.193 53.15 55.5877 -16.0355
1 197.952 60.0209 35.0501 57.3191 -30.7607
1 176.941 123.003 35.3014 52.954 -78.9227
1 53.8003 144.523 49.8223 58.3231 4.51873
1 267.996 224.004 35.0811 55.0447 -4.93512
1 231.029 144.011 49.0951 57.2468 -22.3184
1 38.0152 73.9236 30.9824 36.9759 45.9417
1 265.973 17.5847 30.4015 34.8262 -32.3304
1 29.9504 88.6896 33.9629 36.5498 22.6992
