2.4979
1 238.022 48.996 37.0501 75.1433 -12.7435
1 257.973 220.045 65.1579 71.0737 -73.0479
1 68.9218 114.98 39.1887 73.0221 36.3894
1 64.8822 172.053 55.1677 59.3112 -13.5006
1 78.0958 68.7462 43.8524 79.8484 38.1437
1 219.966 182.008 31.0348 47.3243 -13.5015
1 210.021 250.019 56.8583 57.0318 11.817
1 82.9092 238.013 41.4526 53.0015 -78.8154
1 116.134 187.498 42.9722 58.0302 -63.6554
1 130.007 216.995 40.8656 40.9564 -46.071
1 184.995 207.01 33.1597 50.9912 -64.357
1 32.0476 183.015 43.2372 65.1119 30.9195
1 162.04 172.018 31.1792 42.9766 25.2154
1 154.012 151.018 37.1464 45.1672 68.3616
