3.7063
1 271.009 158.026 37.1623 74.9728 -56.084
1 189.007 182.002 43.1056 61.1053 -14.2275
1 81.9511 146.998 49.1138 55.2378 62.5792
1 72.0197 231.967 59.0583 63.0615 24.9251
1 145.012 219.002 34.9062 67.0241 -1.21055
1 179.026 66.9879 57.1602 65.1547 -36.4812
1 268.039 101.892 45.0828 62.9282 -76.9038
1 180.995 102.102 43.0505 54.8166 51.4551
1 259.937 256.034 31.2782 53.0335 -46.723
1 135.074 269.248 47.0688 56.4796 53.0743
1 248.392 216.367 34.0712 50.9285 14.8144
1 38.8365 163.55 53.1233 63.6478 -81.3123
1 82.9955 273.957 33.1251 34.8521 -6.13796
1 44.8738 94.8827 45.8651 55.6701 -60.6266
