2.7573
1 227.017 241.006 33.0628 63.0583 21.7605
1 123.972 197.081 59.0228 68.8124 -28.3542
1 146.056 160.951 53.1892 54.868 -15.9893
1 75.961 155.998 61.0398 69.193 -6.25567
1 137.007 106.054 37.0591 57.1123 -62.7336
1 28.0037 221.996 33.1357 39.1253 22.9463
1 65.1343 222.748 44.6038 52.85 53.5713
1 31.1173 105.428 38.0378 46.768 -0.196335
1 270.878 195.885 31.3718 49.2115 11.4717
1 75.97 88.5197 53.0957 82.6435 44.4886
1 198.985 87.9597 36.9259 41.1374 -51.9281
1 29.1615 267.078 39.2326 48.8386 30.3818
1 187.972 114.085 37.0906 66.6099 -42.7006
