3.2399
1 169.912 252.997 54.9066 55.2282 1.85574
1 125.997 101.024 47.1567 53.1717 23.9803
1 57.0222 244.926 50.9968 58.7705 87.4531
1 241.023 271.99 41.1027 66.9186 -18.9827
1 32.0079 122.992 43.1393 57.098 31.6692
1 165.016 165.035 51.1684 69.2485 14.2153
1 185.997 28.0373 35.2059 39.0276 75.8573
1 38.0081 29.0238 53.2431 69.1584 -13.5795
1 123.988 218.012 43.1457 47.1058 56.5432
1 30.7196 264.354 44.4662 52.0876 -9.07871
1 227.013 252.082 45.3164 55.1108 -13.8077
1 238.154 130.946 51.392 71.2715 -62.2152
