1.6414
1 51.997 79.0199 49.0558 65.1691 -16.4866
1 249.942 47.9858 47.0402 61.2871 16.2489
1 248.934 219.005 54.9164 55.1723 -3.73124
1 79.9811 126.055 56.935 69.0444 10.6745
1 47.0009 250.005 51.2114 68.8799 -21.9505
1 202.029 46.9841 51.0753 75.2217 77.4747
1 263.019 164.003 45.0311 49.2713 -52.6371
1 102.062 267.933 30.9755 55.0951 -31.3179
1 143.026 162.102 71.1454 72.8493 55.8479
1 121.746 226.122 43.0616 83.5788 -22.2601
1 170.986 95.0189 51.0206 51.0809 11.1185
1 247.016 138.986 39.1044 47.135 18.67
