3.0758
1 125.052 50.9537 61.193 70.9594 -57.0369
1 28.5926 246.087 54.0818 64.4193 -85.8902
1 93.9596 219.975 53.2194 64.9653 -84.9321
1 271.967 31.9924 42.9223 45.0326 -2.95522
1 226.022 36.9807 55.0977 59.1638 53.5596
1 254.334 215.751 34.5866 65.7591 39.8602
1 205.998 155.009 31.1774 40.9961 43.8068
1 277.975 154.005 33.1593 35.1358 35.9996
1 37.9982 89.9893 57.0252 74.9803 22.6562
1 202.012 193.034 47.17 55.1705 71.8544
1 278.932 198.039 31.1975 32.9821 -57.7638
1 247.847 147.129 34.9351 50.5626 -56.5532
1 117.786 104.905 33.2515 39.4884 -17.9992
