1.6227
1 241.981 94.0017 49.0731 67.1247 -23.8737
1 127.993 154.989 67.2367 73.0609 -49.579
1 99.0038 259.032 61.1332 79.1233 54.9916
1 266.982 24.9983 30.9597 59.3353 10.9823
1 236.009 190.975 44.9616 71.1483 -78.1487
1 101.981 51.0143 66.8618 77.338 23.0801
1 219.965 267.993 43.1272 46.9855 13.8454
1 209.677 144.508 44.2843 78.3956 20.0869
1 88.9989 115.012 41.1784 66.8873 -38.489
1 213.017 44.9669 45.174 67.0832 -57.4374
1 26.0719 190.327 44.7752 48.2765 -79.0304
1 43.0125 141.992 44.8931 65.0835 87.8482
