3.2424
1 103.044 231.035 65.2304 72.9128 67.6577
1 170.009 169.01 35.2756 48.8955 79.3857
1 247.879 242.894 43.2696 49.273 68.4172
1 31.5759 152.622 46.3045 65.3876 88.4545
1 182.102 75.1174 47.3937 49.0049 -71.2417
1 204.043 264.036 32.8461 53.2474 14.271
1 128.295 69.3358 35.5893 55.9912 -24.2544
1 93.0769 42.076 41.2054 45.0669 -5.51077
1 47.003 43.9928 39.1991 40.9498 69.7338
1 253.025 45.6984 42.045 56.3653 33.2251
1 254.966 172.875 46.8031 54.9366 -11.979
1 43.0488 66.1422 31.0819 48.6097 49.9612
1 83.035 85.5781 35.2639 47.89 -75.349
