2.2656
1 56.9434 69.9519 49.0468 68.8275 29.2947
1 86.88 258.266 70.8255 72.6307 60.3057
1 180.018 232.985 53.0742 61.0592 -58.8469
1 260.984 67.9948 31.1697 58.6402 31.5623
1 262.049 214.482 52.1903 70.7482 -21.3114
1 275.987 117.962 35.1735 50.9716 78.7024
1 211.994 172.011 33.1763 57.1698 73.3299
1 201.007 129.076 49.0541 59.2307 85.4029
1 129.93 54.9856 35.1887 55.2373 11.3024
1 211.978 52.9906 35.1154 52.9251 -52.2704
1 43.1143 150.002 41.4723 42.8202 74.2764
1 188.92 73.1903 41.1443 48.5089 -54.3348
1 173.194 27.5121 34.4554 52.552 69.7321
1 46.9527 193.027 32.9846 68.3167 14.6438
1 152.95 144.328 35.5111 43.9093 -23.5059
1 147.01 154.356 30.9687 40.3552 57.7861
