52.3304
1 152.934 77.3665 52.8233 72.3667 85.0464
1 216.267 72.2308 53.6035 71.015 -71.9249
1 108.459 35.2744 41.5047 56.0881 -19.1532
1 180.456 247.213 53.7409 69.5053 -76.0376
1 31.5864 129.125 35.91 59.2354 89.1198
1 236.507 161.263 45.3714 45.472 -38.9104
1 252.747 85.3369 33.4638 59.272 57.0947
1 98.7379 89.5504 45.885 76.0942 52.9715
1 271.252 248.676 37.1966 44.1699 -61.6504
1 209.623 139.053 37.601 64.6381 26.858
1 258.8 34.8696 42.5244 45.9619 -9.95699
1 198.476 207.097 38.3725 70.0733 -87.9032
1 62.339 75.1426 41.6775 62.8411 -69.6219
1 63.4918 181.041 38.0306 48.8792 76.41
1 101.976 217.225 55.0983 59.7634 87.5901
1 164.618 31.6473 43.8015 64.8023 35.2687
1 53.3111 207.322 46.8166 66.3475 -67.49
1 168.052 199.429 36.4242 42.2124 -22.6475
1 73.2828 115.334 50.4336 62.001 88.027
1 104.545 256.298 44.3092 47.9986 40.2067
1 246.185 218.495 40.4122 50.0567 -58.5251
1 79.477 255.214 36.3209 46.1197 -84.2008
1 233.55 250.172 34.41 40.1269 5.57918
