28.283
1 186.81 34.8782 41.1631 107.795 16.3332
1 260.521 105.193 51.5964 71.8363 63.0045
1 132.512 81.2483 76.4308 78.1346 -47.2535
1 92.649 243.922 75.3269 83.6404 -43.7052
1 233.467 206.377 57.453 57.6856 -63.5683
1 63.5399 147.211 39.8591 47.3784 76.5294
1 177.535 236.308 90.3691 94.241 51.43
1 94.2455 205.161 59.7724 90.6661 27.2892
1 151.823 125.425 47.7563 105.436 9.80706
1 204.969 82.8172 34.0287 74.9437 -28.4384
1 244.384 128.225 34.477 94.4684 -49.0051
1 112.682 129.539 31.4887 63.9598 10.8365
