40.8824
1 88.9246 108.698 50.1166 78.0694 -2.68801
1 137.088 182.129 60.795 67.0144 39.0972
1 127.253 36.0188 40.5239 57.258 -0.858572
1 73.0472 260.029 45.4397 69.4334 -42.739
1 192.99 271.042 35.3478 47.3082 31.0601
1 72.7021 59.0678 44.932 63.2091 12.8864
1 125.964 238.975 46.8523 60.8245 45.0252
1 31.9481 231.933 44.9769 62.7132 -53.5709
1 260.968 29.9111 44.3699 44.686 -4.40027
1 172.117 44.0104 47.8789 53.1052 -48.4412
1 234.97 187.995 52.6938 58.6565 -8.09238
1 230.22 120.666 40.7243 41.0942 32.8761
