43.5359
1 122.545 193.289 59.6456 65.3173 53.1676
1 127.928 250.23 41.8978 56.1516 -13.1795
1 49.5327 95.9713 37.3571 66.8187 -42.527
1 43.4832 214.265 52.4386 58.1512 52.166
1 274.549 236.173 46.2616 60.5274 -75.3863
1 270.846 94.377 40.166 54.9427 -9.2427
1 220.525 135.099 43.5734 73.3899 -52.9524
1 80.5036 258.283 42.5676 50.1206 -50.3064
1 211.825 201.698 62.9607 66.8663 -74.9236
1 36.6605 129.335 32.1665 64.2888 -19.4596
1 189.903 154.424 46.5691 66.5275 -62.8801
1 76.2477 35.2688 41.271 56.0712 43.1677
1 111.785 55.4453 42.4744 67.4463 44.9701
1 127.477 116.573 47.8491 67.8656 -22.3491
1 240.521 58.3131 42.4955 52.295 11.6704
1 150.533 114.162 34.4022 52.4575 69.8243
1 122.15 30.1217 39.3091 40.0558 20.2596
1 86.604 158.5 42.2127 65.0518 -10.0303
1 188.291 217.88 33.8858 46.362 45.3549
1 202.23 145.715 21.071 41.552 89.548
1 264.373 151.47 38.5778 53.5485 -33.0084
1 269.694 50.2475 50.4904 66.278 -39.6501
1 252.957 57.6006 20.5391 31.8797 73.9794
