# center_row center_col major_diameter minor_diameter angle_deg score
39.9931 180.031 62.7613 56.7978 40.0023 0.925372
96.1762 246.743 110.765 77.3775 33.6633 0.7845
125.85 220.051 118.451 48.2723 36.1818 0.865502
230.979 51.0299 60.4773 36.9493 72.0347 0.807312
239.466 114.757 99.5548 75.8538 12.6864 0.900312
210.022 178.177 64.7317 60.2971 -9.36431 0.809164
229.553 260.499 75.8255 53.2192 29.8248 0.838262
39.144 109.863 80.5901 49.0417 40.8031 0.860006
193.149 261.885 46.4473 29.1261 76.1461 0.832599
