20.9751
1 77.4271 81.4752 97.6489 154.921 43.6569
1 178.191 238.502 86.7833 140.976 39.68
1 72.9302 84.5289 75.5108 121.82 43.7276
1 179 238.746 74.2997 121.987 39.3064
1 282.746 384.253 85.5801 140.681 37.7658
1 178.572 237.353 115.294 182.345 38.7751
1 76.359 82.4988 123.155 190.582 43.5496
1 155.947 411.363 88.0275 143.345 37.4352
1 307.849 224.172 87.1651 163.729 43.4742
1 45.0598 286.285 41.2886 63.0012 42.0489
1 285.452 382.919 70.3559 118.413 36.7947
1 63.4097 96.1362 39.4506 57.5328 43.6172
1 166.773 251.586 33.5735 53.7498 39.5216
1 175.637 238.326 63.4287 103.087 40.2162
1 169.898 235.824 71.5932 122.294 36.2818
1 320.627 217.763 71.4128 99.3554 50.9511
1 290.739 391.87 96.4253 176.563 37.8926
