25.6404
1 177.407 204.913 65.4572 65.7459 83.7488
1 427.356 80.8571 135.085 146.446 69.1497
1 401.505 84.7624 70.2453 109.318 67.2576
1 88.1038 31.0824 40.9431 55.6941 -80.1708
1 196.624 125.557 47.3629 58.3565 -85.1525
1 404.027 409.565 70.3337 110.214 -89.295
1 390.691 170.268 77.0911 112.448 66.5528
1 169.115 205.026 37.0365 51.437 86.5025
1 267.818 126.614 47.5559 97.4489 -72.2961
1 432.151 298.589 100.083 118.158 -85.6444
1 402.936 88.1999 96.789 140.849 70.498
1 428.258 298.388 65.5858 93.2687 -87.262
1 407.33 82.0552 55.0783 86.1455 79.5521
1 404.356 405.744 56.8566 95.0081 -89.7831
1 174.615 203.39 32.6714 46.7776 89.5166
1 51.8123 242.184 34.7708 50.1535 -27.5924
