10.943
1 262.79 54.1319 71.2824 90.3411 -72.8721
1 288.259 366.96 53.4438 73.08 66.7495
1 210.594 276.368 51.4865 70.2154 75.9764
1 252.447 434.461 47.2058 67.6117 64.2709
1 153.004 108.164 53.5849 77.2099 -81.311
1 248.782 182.8 46.865 63.1451 -85.6852
1 337.824 281.325 53.9191 64.7573 75.7829
1 337.384 281.686 65.4204 69.7157 69.4217
1 150.285 416.27 37.0076 62.5182 69.9983
1 289.37 366.185 41.4779 57.7781 69.2419
1 211.435 275.915 39.1509 57.188 82.6884
1 179.054 352.507 46.1989 66.9832 70.6186
1 120.314 200.513 42.4128 70.2638 88.4193
1 253.477 433.859 34.8353 53.1526 64.0242
1 76.9178 350.144 35.3233 60.0854 76.2028
1 95.9053 283.354 38.6493 64.2049 79.867
1 153.193 108.006 35.6546 61.4417 -81.0851
1 179.698 351.406 31.7082 52.5638 76.1773
1 267.121 56.5173 48.2176 74.0741 -73.9311
1 120.4 200.166 28.4166 55.2727 -89.4804
1 255.737 428.499 50.4039 65.3565 82.8222
1 47.7845 453.908 28.0645 52.6038 75.4171
1 151.253 107.468 20.1922 29.4222 -84.7135
1 95.6879 282.404 24.0709 50.6151 82.8503
1 128.223 468.868 29.3287 59.7522 69.9614
1 295.294 360.646 65.8186 71.631 85.2787
1 217.322 484.247 38.6508 58.0476 64.5897
1 151.538 415.732 25.7022 46.9368 70.1255
1 61.8201 402.537 22.1952 50.6026 68.2952
1 61.5398 410.664 27.5972 49.0906 67.9865
1 254.191 432.793 22.7768 34.3116 59.3465
1 128.346 474.238 28.3678 48.2302 59.9658
1 150.593 421.462 26.8037 46.5036 55.8135
1 40.6309 119.859 27.7812 60.7502 -88.8471
1 32.0063 491.374 19.4043 36.2014 75.4144
1 180.352 352.614 22.0974 30.7207 65.8601
