14.0144
1 149.62 364.41 93.7279 98.7999 53.6701
1 156.322 359.268 103.887 119.65 -27.7201
1 9.77906 122.014 92.7455 122.884 -55.5116
1 112.345 63.9879 65.1016 71.9285 -43.6697
1 114.14 67.1706 52.3014 62.7258 -49.247
1 170.585 10.5755 53.8067 82.4686 -27.6324
1 15.4555 190.807 77.2836 100.59 -87.3129
1 18.3904 109.788 55.0288 58.3888 81.4551
1 198.932 418.791 24.1525 38.996 82.849
1 253.382 184.389 19.4158 19.646 -3.11843
1 113.92 68.61 31.4269 35.4649 -33.5512
1 189.112 149.938 18.9894 22.4116 57.5632
