# center_row center_col major_diameter minor_diameter angle_deg score
217.957 251.034 74.9198 47.5228 -49.2109 0.824676
170.025 102.042 65.4127 57.4806 -38.2228 0.841799
258.012 140.921 68.608 60.4392 -2.14652 0.81481
44.3739 38.847 73.543 62.1905 -27.2136 0.850318
78.0138 125.247 76.6467 56.9289 68.0531 0.830072
210.329 56.2017 51.9116 43.2453 -44.3598 0.812278
81.7829 220.788 111.169 96.9065 -74.7197 0.848321
232.42 158.747 57.7088 54.9845 -49.2868 0.790756
265.688 232.8 69.4682 42.7528 42.0775 0.812919
