49.392
1 57.216 136.686 37.7757 54.2066 -23.6723
1 123.584 65.2941 45.6897 47.3615 28.8377
1 162.494 94.008 33.4547 51.4247 -52.9755
1 224.619 95.8131 60.4048 68.0437 -58.731
1 165.301 137.032 39.1664 45.7376 -32.4389
1 95.4747 43.2964 37.6643 53.568 -26.5966
1 65.4343 93.2435 41.6951 45.742 19.8365
1 28.6796 105.032 39.6632 49.4629 -78.4637
1 161.949 244.107 21.1393 42.2789 -5.22883
1 217.275 217.051 25.9232 63.9075 45.1303
1 35.3789 31.3342 36.3467 62.4951 -35.4269
1 247.507 23.2346 36.3825 44.2536 -59.4776
1 262.543 54.3511 50.4638 55.0951 -37.8346
1 114.23 133.578 55.0626 74.1272 -85.0385
1 34.4496 52.2921 44.2197 48.3427 25.1772
1 221.542 163.169 70.5253 76.0056 8.58402
1 124.345 166.4 34.0635 62.0093 2.07803
1 30.0175 42.1069 17.9984 36.8475 -15.9007
1 78.4504 254.102 33.642 37.8501 68.7807
1 64.9708 215.765 37.0565 54.5874 -24.6553
1 56.4661 261.278 36.4349 58.1965 -23.2079
1 258.752 196.021 53.3113 60.6073 -57.4231
1 40.6697 229.304 36.4249 50.4899 40.5717
1 157.045 253.691 31.9747 50.9529 -26.3611
1 158.49 221.294 70.471 78.2105 17.0162
1 142.781 147.381 55.3296 100.718 -27.096
1 114.742 220.032 38.7785 51.8021 -32.6011
1 116.934 159.248 15.0014 35.4211 -16.7051
