# center_row center_col major_diameter minor_diameter angle_deg score
57.993 239.004 75.1703 53.408 19.9564 0.93192
163.547 176.04 96.6486 87.25 45.6712 0.805559
69.013 154.996 86.8972 78.7831 70.1045 0.863694
88.9041 64.9794 69.2833 49.7042 79.3301 0.819715
251.06 141.97 64.1929 28.7581 2.7771 0.788272
232.946 227.131 58.7505 34.7773 -34.0507 0.788929
214.017 259.285 65.3714 46.9147 -26.8641 0.830397
220.532 176.035 45.4101 37.0595 17.0721 0.791241
67.0167 51.9774 57.4427 53.3972 -55.422 0.792586
