# center_row center_col major_diameter minor_diameter angle_deg score
254.979 115.963 78.7228 75.0358 22.9063 0.856896
78.0919 218.977 78.6418 44.9584 -52.8825 0.919379
220.994 232.992 78.6951 58.7556 19.4106 0.821506
166.987 130.026 76.7332 46.8015 51.8601 0.905787
71.3779 37.4544 69.1724 54.1577 23.6811 0.809614
243.117 198.695 90.8095 80.1891 60.7797 0.836512
125.69 227.897 59.1823 51.119 -24.4543 0.796143
198.677 55.1318 58.4921 47.4679 -39.5103 0.784485
246.077 71.4233 66.6054 45.2024 -32.2454 0.791687
