50.3786
1 36.5281 44.2735 66.3759 70.1737 58.8654
1 153.53 161.235 60.2532 72.1115 84.7182
1 144.393 94.354 35.6399 62.9973 -59.4191
1 81.6331 162.326 43.5962 73.4051 75.2936
1 174.226 241.25 46.4625 69.1958 30.5998
1 235.329 93.164 65.6501 83.9908 84.4054
1 60.4915 106.254 56.2687 58.123 -76.7188
1 98.4419 31.2937 48.3536 86.1302 -24.8237
1 179.506 146.224 43.8391 53.4087 61.5782
1 185.367 265.44 34.7916 38.8478 -14.7425
1 215.656 87.5671 28.1864 42.5179 -76.9626
1 262.392 188.273 38.5372 56.1833 29.8586
1 100.769 58.7028 39.6582 59.1386 -84.6566
1 225.81 193.639 33.4439 65.184 12.7631
1 177.989 48.2625 43.4578 62.4099 1.78589
1 270.857 230.382 37.064 41.2052 79.801
1 43.6984 133.324 54.0562 59.5413 -87.3477
1 203.464 90.1999 48.4744 64.1605 -33.9923
1 148.561 49.2262 34.2445 41.8788 8.62734
1 237.573 227.293 33.788 69.7371 -28.4152
