36.0911
1 40.1008 257.866 47.1587 68.762 64.6385
1 195.016 168.96 72.5613 74.831 59.3242
1 128.004 186.145 49.0345 76.0162 -53.7667
1 271.069 131.978 40.2826 67.5786 70.7615
1 138.066 103.037 34.9159 72.1692 73.6531
1 231.038 239.95 44.6407 53.0142 -37.9702
1 31.0573 83.3825 36.3121 70.1822 47.6071
1 51.0082 178.957 66.8053 68.7089 -50.1903
1 54.5633 49.6827 38.8833 80.7662 77.9726
1 249.659 192.231 39.5983 48.251 -43.3222
1 242.126 76.0044 49.9588 52.5549 67.0476
1 263.803 65.056 30.9932 48.753 21.1553
1 142.175 254.625 29.5833 36.5443 6.46643
