# contour_count 129
contour 0 size 3
4 1
230 2
236 4
contour 1 size 5
4 8
129 8
248 12
238 3
239 1
contour 2 size 9
4 49
5 76
17 91
16 99
19 100
18 95
21 94
24 105
29 106
contour 3 size 7
6 49
101 49
102 51
112 51
114 56
130 52
135 54
contour 4 size 4
8 154
12 176
15 183
9 207
contour 5 size 8
16 102
13 108
12 120
20 134
28 140
28 161
32 178
31 198
contour 6 size 5
17 242
21 244
19 239
15 242
13 253
contour 7 size 5
21 93
25 96
26 103
28 100
26 99
contour 8 size 10
23 238
30 236
34 237
34 244
27 244
29 248
37 248
39 252
44 254
61 254
contour 9 size 5
31 203
29 203
28 215
30 215
31 235
contour 10 size 21
31 106
36 117
48 128
63 134
79 135
86 134
98 128
107 118
111 106
112 93
103 74
92 66
80 61
64 59
56 60
44 65
31 81
30 89
32 96
37 89
37 84
contour 11 size 4
32 104
36 104
40 99
36 92
contour 12 size 6
32 146
32 160
35 175
35 194
32 207
33 232
contour 13 size 8
33 71
51 58
64 54
86 52
101 55
104 54
113 58
127 71
contour 14 size 4
37 137
34 149
36 170
95 171
contour 15 size 5
38 197
35 202
34 217
35 229
39 233
contour 16 size 5
34 236
51 235
76 237
81 235
82 237
contour 17 size 4
35 214
40 211
38 217
39 231
contour 18 size 9
36 80
45 70
60 65
69 65
81 68
93 77
93 80
87 79
89 76
contour 19 size 3
37 105
40 112
50 121
contour 20 size 3
52 172
37 172
38 175
contour 21 size 7
38 141
38 156
42 164
57 162
66 164
65 166
51 166
contour 22 size 3
39 114
44 120
53 125
contour 23 size 12
88 177
88 181
77 181
77 197
93 197
93 176
40 175
42 191
40 196
45 197
46 191
57 192
contour 24 size 5
74 210
74 208
65 205
41 205
43 208
contour 25 size 3
41 211
60 212
64 214
contour 26 size 3
58 221
41 220
41 227
contour 27 size 3
48 73
42 79
86 79
contour 28 size 5
94 78
98 83
98 87
48 87
42 96
contour 29 size 6
53 241
51 246
46 249
43 248
43 251
66 253
contour 30 size 11
44 155
57 158
64 156
74 159
92 157
91 148
94 145
95 169
98 170
97 227
110 229
contour 31 size 3
71 178
44 177
44 186
contour 32 size 4
76 184
76 181
46 179
47 186
contour 33 size 6
47 115
50 117
59 117
60 120
76 122
82 121
contour 34 size 8
48 66
58 62
71 62
89 67
96 72
107 88
108 104
106 110
contour 35 size 4
49 184
57 184
57 190
51 188
contour 36 size 6
52 122
65 126
82 124
83 126
76 128
62 128
contour 37 size 5
52 249
55 246
64 246
67 247
66 251
contour 38 size 5
57 243
67 241
74 241
76 243
87 242
contour 39 size 3
59 181
59 195
73 194
contour 40 size 5
60 192
76 192
75 187
71 186
74 184
contour 41 size 3
92 116
64 115
61 118
contour 42 size 3
67 164
84 167
93 166
contour 43 size 8
70 131
82 129
91 125
100 116
104 106
104 92
98 80
99 78
contour 44 size 4
70 217
73 220
77 219
82 227
contour 45 size 4
71 142
91 142
91 145
76 144
contour 46 size 3
73 57
78 57
92 63
contour 47 size 3
75 249
95 252
95 254
contour 48 size 5
79 55
89 58
100 65
110 77
114 89
contour 49 size 4
80 220
90 222
91 228
96 227
contour 50 size 13
84 247
87 248
100 245
104 246
112 234
98 234
94 230
88 230
85 231
84 236
89 233
93 237
96 236
contour 51 size 4
86 244
100 240
103 241
108 238
contour 52 size 6
94 97
90 99
92 101
92 107
95 106
98 108
contour 53 size 3
90 135
113 130
121 124
contour 54 size 4
93 226
94 213
92 211
91 213
contour 55 size 6
102 98
100 95
93 100
100 105
100 100
96 102
contour 56 size 7
124 119
122 121
122 134
111 133
110 139
98 140
98 169
contour 57 size 20
101 178
101 187
106 185
110 187
114 186
115 193
119 196
116 208
119 214
125 218
125 222
129 222
128 219
131 221
131 236
123 239
119 234
115 234
117 239
115 239
contour 58 size 5
117 169
108 171
109 175
106 178
106 184
contour 59 size 5
110 140
108 156
122 161
125 160
125 156
contour 60 size 4
110 220
110 225
114 227
112 219
contour 61 size 4
111 146
123 149
124 154
119 158
contour 62 size 4
112 240
115 243
115 250
121 250
contour 63 size 3
123 171
113 176
113 181
contour 64 size 13
114 165
123 166
127 171
130 171
130 177
124 180
124 183
128 185
126 197
129 198
129 206
127 213
123 214
contour 65 size 10
125 254
130 254
131 252
129 250
129 241
124 242
126 243
125 247
118 241
117 248
contour 66 size 5
130 229
121 226
119 229
122 230
121 234
contour 67 size 5
124 109
124 103
127 105
127 109
121 121
contour 68 size 7
130 61
129 76
124 83
126 87
125 101
135 104
137 100
contour 69 size 5
125 129
125 133
127 131
133 131
133 169
contour 70 size 5
128 110
134 111
134 121
131 125
132 128
contour 71 size 3
129 136
131 137
131 168
contour 72 size 9
130 181
132 191
131 204
133 206
136 205
135 183
141 152
140 148
142 133
contour 73 size 7
133 50
138 53
143 49
144 55
142 61
145 64
144 69
contour 74 size 5
135 78
138 78
141 93
144 91
142 89
contour 75 size 5
153 155
148 156
148 165
139 175
141 200
contour 76 size 7
139 203
150 203
150 205
157 205
160 217
164 220
163 223
contour 77 size 5
143 187
145 190
145 177
141 176
141 179
contour 78 size 4
156 52
145 112
143 126
144 132
contour 79 size 5
143 151
151 150
154 147
157 140
158 130
contour 80 size 4
145 54
147 54
148 69
144 86
contour 81 size 3
144 228
155 228
159 254
contour 82 size 3
146 207
147 222
150 223
contour 83 size 5
156 50
154 49
150 54
150 73
146 87
contour 84 size 6
251 55
241 55
237 51
217 52
160 49
147 118
contour 85 size 7
147 248
149 248
148 241
151 241
151 247
154 249
152 242
contour 86 size 3
149 147
151 147
155 130
contour 87 size 6
158 142
151 170
152 178
155 179
154 199
156 201
contour 88 size 8
151 203
195 204
193 197
194 179
228 90
232 89
232 84
229 87
contour 89 size 3
151 207
154 225
156 225
contour 90 size 10
153 172
161 172
164 165
161 163
159 169
155 169
157 156
162 155
159 161
163 161
contour 91 size 7
153 176
155 178
187 178
186 198
190 199
190 202
193 201
contour 92 size 3
154 97
166 97
167 90
contour 93 size 3
154 99
167 99
161 130
contour 94 size 7
162 103
160 103
158 113
155 113
158 115
156 124
159 122
contour 95 size 6
155 174
175 174
182 169
186 157
196 157
193 166
contour 96 size 6
156 228
203 229
209 252
163 252
163 250
197 249
contour 97 size 7
157 93
163 91
164 83
167 81
166 73
169 65
167 64
contour 98 size 4
171 75
175 59
161 59
159 68
contour 99 size 3
159 149
162 147
201 149
contour 100 size 5
160 153
167 153
165 157
166 166
164 172
contour 101 size 9
193 234
197 235
197 239
183 239
171 237
164 238
161 234
163 244
162 248
contour 102 size 3
162 206
164 208
167 224
contour 103 size 4
211 127
166 125
163 128
163 134
contour 104 size 8
202 140
204 133
165 134
163 142
164 147
165 145
199 146
201 142
contour 105 size 4
164 206
176 206
181 227
191 226
contour 106 size 3
165 129
182 131
206 131
contour 107 size 5
166 172
174 171
179 158
176 155
175 161
contour 108 size 7
180 106
171 107
172 111
167 123
211 123
216 107
220 104
contour 109 size 3
168 107
170 102
217 104
contour 110 size 8
231 63
224 63
219 60
178 59
173 73
169 96
189 97
193 95
contour 111 size 3
169 226
178 226
173 208
contour 112 size 5
173 94
176 91
175 89
179 75
223 75
contour 113 size 3
230 65
179 64
177 74
contour 114 size 4
177 206
196 206
198 212
197 216
contour 115 size 3
193 79
182 78
178 92
contour 116 size 3
180 209
184 221
188 223
contour 117 size 4
183 57
230 58
237 57
237 55
contour 118 size 4
183 170
194 170
199 156
201 156
contour 119 size 4
186 231
199 231
202 245
205 250
contour 120 size 6
187 66
218 70
225 69
227 71
219 91
197 91
contour 121 size 4
193 209
197 224
201 224
198 226
contour 122 size 4
202 167
196 182
196 186
201 181
contour 123 size 3
202 146
206 134
210 132
contour 124 size 14
250 60
244 75
241 76
240 88
232 99
230 110
203 176
208 188
203 199
203 204
212 234
217 245
218 253
227 254
contour 125 size 4
209 185
248 99
253 92
253 1
contour 126 size 3
241 57
235 81
233 83
contour 127 size 4
250 13
251 15
243 32
238 49
contour 128 size 4
250 21
245 34
247 42
243 52
