# contour_count 230
contour 0 size 3
34 1
1 1
1 15
contour 1 size 3
1 17
18 16
19 23
contour 2 size 4
1 31
1 45
4 47
3 52
contour 3 size 8
5 93
8 94
9 92
9 85
6 83
5 92
1 92
1 96
contour 4 size 5
1 98
3 99
3 107
1 108
1 114
contour 5 size 4
1 116
3 118
1 120
1 132
contour 6 size 6
1 134
1 209
14 209
16 196
20 196
20 207
contour 7 size 4
15 210
14 212
1 211
1 254
contour 8 size 5
2 77
14 82
15 85
18 84
21 86
contour 9 size 4
3 169
5 169
5 182
3 182
contour 10 size 5
4 110
5 102
9 101
8 110
6 111
contour 11 size 4
4 134
5 145
13 145
14 137
contour 12 size 5
9 60
10 51
6 49
5 58
7 60
contour 13 size 7
5 71
5 76
8 77
9 67
6 66
5 69
7 70
contour 14 size 6
8 117
5 118
5 128
9 127
8 120
10 117
contour 15 size 5
5 152
5 162
7 162
9 156
6 152
contour 16 size 4
8 186
5 185
5 198
15 194
contour 17 size 5
10 41
10 34
8 32
6 33
6 41
contour 18 size 3
7 183
11 183
11 194
contour 19 size 3
8 254
15 250
14 213
contour 20 size 5
10 79
12 79
11 71
14 70
14 80
contour 21 size 5
10 164
12 163
19 168
19 176
17 177
contour 22 size 5
10 180
14 175
14 168
11 168
11 177
contour 23 size 9
13 127
14 118
12 118
11 128
13 129
19 128
19 120
17 120
16 127
contour 24 size 4
20 163
15 163
11 156
11 162
contour 25 size 5
15 30
16 23
13 21
12 30
15 32
contour 26 size 4
14 65
14 53
12 53
12 64
contour 27 size 6
12 88
17 88
17 93
20 93
20 88
18 88
contour 28 size 4
16 81
17 73
20 73
18 82
contour 29 size 4
16 102
16 113
19 113
18 103
contour 30 size 5
16 138
16 145
19 144
19 136
17 137
contour 31 size 4
16 154
19 159
20 155
17 154
contour 32 size 4
18 27
17 33
20 35
20 27
contour 33 size 5
17 44
17 50
20 50
20 42
18 43
contour 34 size 7
17 198
17 209
23 209
24 207
24 19
23 16
19 16
contour 35 size 9
25 47
25 186
26 198
30 198
27 204
30 205
30 211
17 212
17 244
contour 36 size 3
20 235
29 237
30 231
contour 37 size 3
31 240
20 239
20 243
contour 38 size 4
26 249
30 247
34 248
27 254
contour 39 size 3
46 14
27 16
27 173
contour 40 size 5
28 181
28 196
32 196
33 202
50 203
contour 41 size 4
30 78
29 136
30 190
32 190
contour 42 size 4
30 17
61 16
64 14
66 15
contour 43 size 14
82 66
70 68
32 69
32 187
84 188
84 186
70 184
70 167
73 165
82 166
84 168
84 171
82 169
73 171
contour 44 size 11
32 222
34 233
41 239
53 239
61 232
61 218
55 211
48 209
41 210
34 216
33 221
contour 45 size 3
33 127
71 126
81 128
contour 46 size 5
33 129
66 129
66 184
36 184
34 186
contour 47 size 4
64 131
35 131
34 138
64 137
contour 48 size 4
35 74
45 75
43 72
39 72
contour 49 size 6
38 198
41 198
40 195
35 196
35 199
41 200
contour 50 size 4
36 1
46 11
87 8
87 1
contour 51 size 5
38 108
37 111
65 111
67 109
66 69
contour 52 size 3
38 123
48 125
64 124
contour 53 size 5
38 244
45 248
51 247
51 250
60 251
contour 54 size 5
40 232
41 236
44 236
45 231
41 232
contour 55 size 3
41 172
63 172
64 174
contour 56 size 7
54 223
46 224
42 222
41 225
42 227
54 227
55 229
contour 57 size 4
42 108
53 109
57 107
55 106
contour 58 size 5
47 253
124 254
124 251
119 251
121 247
contour 59 size 5
48 153
47 155
52 155
51 160
64 160
contour 60 size 7
48 197
81 197
86 201
90 199
90 191
87 193
87 199
contour 61 size 9
54 191
89 190
89 178
92 177
92 198
94 200
92 204
90 202
92 201
contour 62 size 3
63 70
56 70
59 78
contour 63 size 6
58 154
56 151
56 155
60 155
60 158
58 158
contour 64 size 5
65 208
63 212
69 212
69 210
64 210
contour 65 size 4
70 215
64 214
63 216
69 217
contour 66 size 4
63 234
63 244
69 244
69 237
contour 67 size 5
66 65
79 64
70 55
72 51
78 51
contour 68 size 3
68 111
66 113
66 125
contour 69 size 8
71 153
68 151
68 154
71 155
71 162
84 163
84 157
80 157
contour 70 size 10
83 60
84 64
87 64
87 61
80 54
80 21
76 14
69 13
73 20
73 49
contour 71 size 3
70 69
70 125
81 124
contour 72 size 4
81 131
70 131
70 145
79 147
contour 73 size 3
71 86
82 86
82 90
contour 74 size 4
73 73
83 74
83 76
73 76
contour 75 size 5
73 91
83 92
83 105
82 103
74 104
contour 76 size 3
73 107
83 107
84 126
contour 77 size 4
73 142
84 140
84 133
74 133
contour 78 size 3
73 176
83 177
84 184
contour 79 size 5
74 151
84 152
84 147
82 147
82 151
contour 80 size 7
75 211
74 232
77 233
77 238
90 239
91 241
100 240
contour 81 size 5
75 203
75 209
78 210
85 203
76 203
contour 82 size 4
78 116
78 113
76 117
82 117
contour 83 size 4
77 240
77 243
88 243
88 252
contour 84 size 4
79 218
78 221
124 220
125 215
contour 85 size 3
80 12
82 17
91 16
contour 86 size 3
81 71
86 72
86 188
contour 87 size 6
82 21
87 27
90 35
88 37
89 43
91 43
contour 88 size 4
82 52
86 49
83 45
83 26
contour 89 size 9
83 210
88 211
94 205
99 205
98 201
101 198
119 198
119 192
124 192
contour 90 size 3
99 227
83 226
83 228
contour 91 size 7
100 7
96 7
96 12
85 13
99 14
100 17
106 17
contour 92 size 7
86 23
89 25
92 35
96 37
94 41
97 48
99 47
contour 93 size 4
110 66
105 55
88 55
87 58
contour 94 size 5
87 72
91 76
92 89
108 89
108 95
contour 95 size 5
89 23
125 20
149 20
156 19
155 17
contour 96 size 5
89 61
95 64
95 68
108 67
102 62
contour 97 size 6
91 57
92 61
99 59
99 57
101 60
105 59
contour 98 size 5
94 79
96 85
101 87
101 75
103 79
contour 99 size 6
100 170
100 180
98 181
98 189
96 193
99 197
contour 100 size 5
99 11
99 13
104 12
105 15
153 14
contour 101 size 9
99 207
103 207
102 203
106 203
109 207
110 203
113 203
114 207
119 209
contour 102 size 4
100 225
111 226
115 229
119 228
contour 103 size 3
101 180
104 180
104 170
contour 104 size 4
103 130
104 144
102 144
102 170
contour 105 size 5
104 114
104 122
106 122
106 147
104 146
contour 106 size 3
106 194
116 195
116 182
contour 107 size 4
104 250
111 252
115 250
118 251
contour 108 size 5
114 38
116 31
115 27
106 26
105 42
contour 109 size 3
105 51
123 49
120 51
contour 110 size 12
120 72
124 70
115 68
115 74
109 75
112 95
105 99
105 107
106 110
111 109
114 113
111 122
contour 111 size 7
107 149
106 178
109 180
109 129
113 128
109 126
108 129
contour 112 size 15
120 61
118 54
109 54
108 57
110 61
118 60
119 65
125 65
129 62
134 64
157 63
160 68
160 60
139 60
139 62
contour 113 size 5
114 29
113 31
110 28
112 31
111 36
contour 114 size 5
112 6
113 10
119 11
121 6
113 6
contour 115 size 9
114 134
116 130
116 135
112 138
114 156
112 163
112 180
119 181
119 190
contour 116 size 4
116 26
119 29
119 43
116 41
contour 117 size 4
116 74
123 76
136 74
139 77
contour 118 size 3
116 84
128 84
123 94
contour 119 size 9
123 89
120 90
120 97
118 100
123 109
120 112
121 168
119 169
119 165
contour 120 size 7
119 81
124 78
124 81
134 82
144 77
149 78
147 80
contour 121 size 4
120 25
120 28
129 29
128 31
contour 122 size 4
126 37
123 31
120 34
123 35
contour 123 size 9
120 67
128 67
128 72
134 70
157 70
160 74
160 79
174 79
176 83
contour 124 size 4
121 3
163 3
164 7
184 7
contour 125 size 23
151 100
132 109
130 113
130 129
128 134
130 137
131 175
124 176
123 178
125 185
129 189
139 190
139 193
144 191
147 201
139 206
138 210
134 209
133 211
130 211
128 204
123 202
121 209
contour 126 size 4
122 99
122 101
126 100
129 110
contour 127 size 10
127 239
131 237
130 227
123 228
122 235
126 242
131 242
132 245
123 245
122 237
contour 128 size 3
123 247
124 249
150 249
contour 129 size 6
124 49
129 50
135 48
176 47
182 48
181 54
contour 130 size 6
154 58
134 58
133 54
124 54
128 57
124 59
contour 131 size 4
141 91
130 92
126 94
125 98
contour 132 size 4
147 251
126 251
126 254
138 254
contour 133 size 3
137 193
129 196
127 201
contour 134 size 4
128 214
128 223
137 222
137 211
contour 135 size 5
130 33
128 37
132 34
133 24
143 24
contour 136 size 4
128 185
133 183
134 187
137 183
contour 137 size 7
133 131
138 133
141 128
148 125
148 123
136 118
136 130
contour 138 size 5
133 227
138 232
146 230
147 239
152 237
contour 139 size 4
134 31
136 33
142 32
142 26
contour 140 size 4
134 53
158 52
159 57
156 55
contour 141 size 11
140 175
145 170
153 170
163 162
163 149
166 145
142 145
134 137
136 150
136 175
143 181
contour 142 size 4
135 111
148 111
150 113
149 116
contour 143 size 8
137 89
146 86
153 86
154 89
147 96
144 96
144 100
151 97
contour 144 size 9
138 74
157 74
157 79
154 81
157 83
162 84
165 81
172 81
171 83
contour 145 size 5
138 241
138 245
146 245
146 243
139 241
contour 146 size 4
141 54
139 56
148 56
144 54
contour 147 size 5
140 108
149 108
151 112
153 110
152 103
contour 148 size 4
144 208
145 211
142 215
142 226
contour 149 size 5
142 254
149 254
153 250
157 250
159 253
contour 150 size 3
143 188
149 193
150 200
contour 151 size 3
144 68
148 69
157 67
contour 152 size 9
145 226
149 229
159 231
161 236
172 236
175 241
185 243
189 254
194 254
contour 153 size 4
146 9
158 9
159 11
155 15
contour 154 size 9
146 119
149 122
157 121
156 125
151 124
153 127
158 127
156 140
165 143
contour 155 size 5
146 178
147 186
151 187
152 183
150 184
contour 156 size 5
148 119
152 117
162 117
162 127
159 128
contour 157 size 5
149 161
150 164
151 161
155 161
152 164
contour 158 size 4
148 203
149 205
153 201
162 202
contour 159 size 4
149 216
154 222
154 226
150 227
contour 160 size 5
148 232
154 234
155 238
157 234
155 233
contour 161 size 6
149 22
151 25
151 42
154 43
154 37
152 37
contour 162 size 3
149 209
159 209
164 206
contour 163 size 9
150 179
154 175
160 178
174 174
171 167
164 169
158 172
158 175
161 175
contour 164 size 5
152 93
154 94
153 99
156 107
154 111
contour 165 size 4
154 179
156 190
153 194
153 199
contour 166 size 3
155 245
164 245
163 238
contour 167 size 5
158 18
162 25
162 30
169 30
171 33
contour 168 size 4
161 210
161 215
158 220
158 228
contour 169 size 4
159 109
177 111
200 105
233 102
contour 170 size 4
159 190
175 190
172 188
172 177
contour 171 size 5
160 72
166 71
166 69
174 69
173 71
contour 172 size 5
161 53
162 59
165 60
166 57
172 57
contour 173 size 5
161 74
171 73
172 76
178 76
175 81
contour 174 size 7
168 126
171 127
170 130
161 133
162 135
174 135
174 139
contour 175 size 4
163 181
161 182
164 186
164 179
contour 176 size 6
193 23
191 24
191 10
189 9
163 10
164 23
contour 177 size 10
163 85
169 85
171 88
180 90
218 88
236 89
238 90
238 104
237 110
233 112
contour 178 size 3
165 4
193 4
197 1
contour 179 size 3
168 20
166 22
179 22
contour 180 size 16
192 138
191 141
171 142
167 152
169 159
176 158
181 161
183 167
193 168
210 159
224 161
227 159
230 162
229 165
237 167
238 177
contour 181 size 5
168 53
179 52
178 57
180 59
178 66
contour 182 size 3
168 116
181 114
185 115
contour 183 size 4
169 207
172 206
179 208
191 208
contour 184 size 9
179 210
171 213
169 225
172 226
185 219
195 217
196 220
182 224
186 226
contour 185 size 5
171 29
172 31
174 29
180 29
180 47
contour 186 size 9
172 129
178 133
186 133
190 130
190 135
187 134
181 136
181 138
190 138
contour 187 size 7
173 73
174 75
180 72
187 50
186 30
192 29
193 25
contour 188 size 4
173 243
176 244
176 249
185 249
contour 189 size 4
174 217
178 214
182 216
195 215
contour 190 size 8
197 217
206 218
204 223
199 223
192 229
177 231
177 237
186 238
contour 191 size 4
182 116
184 118
189 117
189 127
contour 192 size 6
184 192
184 194
202 193
203 188
201 190
185 192
contour 193 size 5
185 113
208 109
211 107
231 105
233 110
contour 194 size 5
186 241
189 243
192 253
196 251
198 254
contour 195 size 6
186 232
200 232
200 230
206 230
203 235
202 233
contour 196 size 7
188 149
191 149
191 164
196 163
196 156
194 157
195 161
contour 197 size 4
189 205
203 204
208 200
210 202
contour 198 size 4
190 243
194 243
197 247
209 247
contour 199 size 4
195 72
194 48
191 47
192 57
contour 200 size 4
192 140
199 140
201 155
198 156
contour 201 size 6
208 176
201 174
192 178
192 180
228 177
230 181
contour 202 size 4
194 239
208 239
209 235
205 237
contour 203 size 4
195 114
198 116
198 129
195 130
contour 204 size 3
195 243
210 243
209 245
contour 205 size 3
198 252
218 252
218 254
contour 206 size 6
200 141
204 140
205 144
205 151
202 152
203 144
contour 207 size 5
204 129
202 131
206 131
207 157
204 160
contour 208 size 4
205 172
216 166
228 166
229 169
contour 209 size 7
205 189
216 185
226 190
228 183
225 182
223 183
224 187
contour 210 size 4
208 191
205 194
213 194
216 199
contour 211 size 6
205 215
209 216
213 213
213 208
208 207
208 204
contour 212 size 4
208 223
212 226
214 219
210 222
contour 213 size 3
212 138
209 138
210 153
contour 214 size 3
211 144
214 149
212 154
contour 215 size 6
214 227
217 231
217 244
222 250
254 250
254 252
contour 216 size 7
228 145
226 146
226 142
222 142
221 144
215 143
215 145
contour 217 size 5
215 206
218 209
219 216
219 224
217 227
contour 218 size 6
223 146
224 148
221 149
221 154
219 151
217 153
contour 219 size 5
225 154
230 156
232 162
235 159
238 160
contour 220 size 12
227 133
232 135
237 132
239 133
238 147
242 147
242 142
245 144
246 148
244 150
238 150
239 158
contour 221 size 4
236 57
236 63
231 66
231 69
contour 222 size 4
231 139
236 141
235 154
237 156
contour 223 size 7
240 121
232 122
232 125
242 123
249 129
249 119
251 118
contour 224 size 9
243 59
243 64
239 68
237 66
239 63
239 55
242 51
236 51
235 55
contour 225 size 3
239 78
242 84
242 107
contour 226 size 3
243 49
245 49
244 64
contour 227 size 4
245 133
245 139
248 140
248 131
contour 228 size 3
252 145
249 147
250 159
contour 229 size 4
254 115
254 147
251 149
254 150
